    60.300     24.900      0.065
    59.980     30.300      0.597
    57.200     65.500      0.413
    57.100      9.900     -0.943
    57.000     24.050      0.110
    56.900     53.200      0.016
    56.900     60.550      0.531
    56.350     43.800      0.286
    56.100     92.950      0.308
    55.800     37.577      0.245
    55.900     -4.300      0.251
    55.700     12.350     -0.259
    55.200     61.400      0.522
    55.100     82.900      0.477
    55.000     -1.550      0.259
    55.000     73.350      0.475
    54.600     -1.300      0.120
    53.600   -113.550      0.401
    53.600     10.000     -0.335
    53.500     -3.000      0.365
    53.500     -2.250      0.254
    53.400     -6.300      0.252
    53.400     83.700      0.515
    53.300     34.300      0.074
    53.300     50.200     -0.310
    53.100      8.800      0.111
    53.000     -1.200     -0.390
    53.000     36.000     -0.539
    52.533     -2.000      0.679
    52.550     13.400      0.449
    52.500     16.900     -0.428
    52.400      4.600      0.208
    52.400      4.800     -0.008
    52.400      9.700      0.093
    52.300     21.000      0.474
    52.200     11.600     -0.057
    52.100      4.300     -0.109
    52.000      4.100     -0.145
    52.000      4.500      0.224
    52.000      7.600      0.215
    51.900      4.300      0.219
    51.900    107.500     -0.139
    51.800     19.400     -0.057
    51.800     36.100      0.085
    51.700     39.200      0.074
    51.560     -0.160      0.422
    51.124      6.835      0.272
    51.557      7.086     -0.039
    51.550      7.500      0.459
    51.600     45.900     -0.019
    51.500      0.300      0.042
    51.500      5.400      0.254
    51.400      6.100     -0.016
    51.400     12.300      0.112
    51.267      4.333     -0.208
    51.067   -114.133      0.234
    51.100      3.700      0.310
    51.100     13.700      0.303
    50.900      4.350      0.214
    50.700      3.000     -0.173
    50.700      5.500      0.415
    50.500      3.800      0.160
    50.500     30.450     -0.143
    50.350     18.950      0.613
    50.133      8.417      0.216
    50.100     14.400      0.553
    50.100     15.700      0.124
    50.100     18.400      0.101
    50.100     19.900      0.733
    50.000     36.200      0.524
    49.900    -97.200     -0.194
    49.900     18.250      0.004
    49.900     18.500     -0.173
    49.900     24.000     -0.242
    49.450      1.000      0.153
    49.500      8.350      0.606
    49.450     11.000      0.289
    49.350      6.100      0.264
    49.350      6.750     -0.164
    49.260   -123.020     -0.004
    49.100      8.300     -0.134
    48.892      2.315      0.466
    49.000     38.400     -0.013
    48.800      9.200     -0.182
    48.800     44.500      0.663
    48.700      6.100      0.107
    48.600      7.700      0.481
    48.600     12.100      0.384
    48.600     38.600      0.253
    48.500   -123.400      0.176
    48.500     35.000      0.209
    48.267     16.333      0.529
    48.200     11.450      0.384
    48.200     17.100     -0.341
    48.200     33.500      0.264
    48.075     37.750      0.021
    47.950     33.350      0.107
    47.900   -122.300      0.574
    47.900     35.050     -0.127
    47.388   -122.412      0.466
    47.700   -122.200      0.276
    47.700   -117.300     -0.001
    47.525     19.075      0.166
    47.500     -0.600      0.138
    47.400      8.500      0.124
    47.400    123.900     -0.133
    47.300     39.700     -0.105
    47.200     37.500      0.027
    47.100     15.400      0.153
    46.400     48.000      0.690
    46.300   -119.250      0.468
    45.800      4.850      0.577
    45.800    126.650      0.316
    45.600   -122.667      0.664
    45.700      8.750      0.211
    45.600      9.133      0.696
    45.580    -73.660     -0.023
    45.450    -75.750      0.137
    45.008    -93.317      0.114
    45.100      7.550      0.224
    45.100     38.900      0.154
    45.100     41.900      0.586
    44.900     -0.650      0.181
    44.500     26.050      0.446
    44.300    -88.500      0.275
    44.100   -123.100      0.194
    44.000      4.800      0.090
    43.778    -79.522     -0.017
    43.900     11.100      0.353
    43.900    125.250      0.182
    43.900    126.500      0.181
    43.333     76.867      0.358
    43.100    -88.050      0.209
    43.200    -77.700      0.149
    43.133    141.333      0.257
    43.100    -89.500      0.175
    43.100    -76.200      0.108
    43.000    -85.700      0.126
    43.000    -82.500      0.213
    43.000    -81.300     -0.451
    43.000    -78.850     -0.007
    42.800    -84.600     -0.213
    42.750    -73.850     -0.232
    42.800    -71.500      0.880
    42.496    -83.235      0.207
    42.480    -71.200      0.052
    42.400    -88.000      0.491
    42.300    -89.100      0.168
    42.300    -71.800      0.792
    41.869    -87.894      0.124
    42.200    -72.600      0.101
    42.200     24.700      0.383
    41.850    -71.500     -0.131
    41.900     12.400     -0.118
    41.900     59.900     -0.530
    41.833    123.367      0.230
    41.900    123.850      0.088
    41.800    -72.700      0.123
    41.700    -83.650      0.333
    41.520    -81.720      0.381
    41.600      2.050     -0.143
    41.400      2.000      0.440
    41.367     69.233      0.688
    41.300    -96.050     -0.061
    41.300    -73.100      0.090
    41.200     -8.600      0.649
    41.200    122.000      0.472
    41.200    122.950      0.432
    41.100    -80.700      0.459
    40.828    -73.983      0.216
    41.100     28.600      0.332
    41.033     29.050      0.301
    40.933     14.350      0.230
    40.733   -111.967     -0.089
    40.800     72.300      0.714
    40.800    120.800      0.225
    40.700    -75.400      0.019
    40.700    109.750     -0.080
    40.600   -105.100      0.168
    40.567     70.900      0.702
    40.467    -80.000      0.371
    40.500     -3.700      0.470
    40.500     49.900     -0.183
    40.500     71.650     -0.301
    40.400    -76.000     -0.022
    40.087    -75.117      0.021
    40.350    -74.100      0.329
    40.300    -76.900      0.310
    40.200     44.400      0.336
    39.933    116.276      0.103
    40.040    -83.020     -0.083
    40.100    -74.200      0.260
    40.100    113.200      0.423
    39.850    -86.200      0.224
    40.000     32.750      1.032
    40.000     66.200      0.501
    40.000     66.400      0.073
    39.789   -105.033     -0.144
    39.900    -89.000     -0.169
    39.733    -84.233      0.266
    39.800    -75.650      0.008
    39.750     66.900      0.044
    39.600   -119.800     -0.018
    39.333    -84.517     -0.026
    39.340    -76.720      0.100
    39.080    -94.680      0.125
    39.087    117.250     -0.160
    38.957    -77.129     -0.189
    39.100    117.600      0.018
    39.100    125.700      0.208
    39.000    121.500     -0.197
    38.900   -104.800      0.180
    38.900    115.450      0.103
    38.660   -121.400     -0.313
    38.690    -90.390     -0.149
    38.800     -9.250     -0.253
    38.600     68.700      0.407
    38.300    -85.750      0.336
    38.300    140.800      0.006
    38.133    114.467      0.146
    38.067     23.667      0.173
    38.000   -122.400      0.303
    38.000   -122.100      0.790
    38.000   -121.300     -0.067
    37.860    112.460     -0.012
    37.750   -122.500     -0.295
    37.700   -121.000      0.220
    37.700    -97.400      0.373
    37.556    126.933      0.076
    37.600    -77.500     -0.113
    37.600     15.000      0.070
    37.600    121.300     -0.050
    37.600    126.600     -0.174
    37.500    112.000      0.038
    37.360   -121.980      0.789
    37.100    -76.400     -0.641
    37.100    111.900      0.080
    37.100    114.450     -0.364
    36.850   -119.800      0.334
    36.875    -76.225     -0.049
    36.800    118.000      0.052
    36.800    137.000     -0.418
    36.700    101.700     -0.794
    36.700    116.900      0.602
    36.600    136.600     -0.224
    36.400     43.100     -0.157
    36.400     59.500     -0.765
    36.400    120.400      0.195
    36.400    127.300     -0.048
    36.350    139.200      0.345
    36.400    140.400     -0.230
    36.180   -115.220     -0.140
    36.300    137.900     -0.221
    35.777    139.562      0.305
    36.150    -95.950     -0.213
    36.200    -86.800      0.301
    35.900    -78.700     -0.344
    35.900    128.500      0.314
    35.750     51.350      0.499
    35.700    138.500     -0.095
    35.650    140.100      0.277
    35.600    129.300      0.164
    35.500    -97.600     -0.066
    35.224    136.838      0.011
    35.400   -119.100      0.989
    35.300    -80.900      0.337
    35.300    113.200     -0.543
    35.200   -106.700      0.028
    35.133    -89.967      0.013
    35.200     33.300      0.752
    35.100    118.225      0.702
    35.200    128.950      0.239
    35.100    -79.000      0.137
    34.780    135.500      0.505
    34.900    117.500     -0.291
    34.800    -92.300      0.074
    34.800    113.600      0.487
    34.800    134.900     -0.292
    34.800    137.300      0.403
    34.800    137.700     -0.230
    34.700    112.400      0.573
    34.700    133.900      0.111
    34.650    135.700      0.206
    34.600    133.700      0.561
    34.500    132.400     -0.114
    34.350    108.900      0.187
    34.036   -118.033      0.170
    34.300    117.100      0.209
    33.938    -84.377      0.048
    34.000     35.600     -0.572
    33.900    132.700     -0.242
    33.800    113.200      0.433
    33.543   -112.079     -0.147
    33.700     73.000      0.209
    33.600     36.300     -0.705
    33.600    130.350     -0.267
    33.600    133.500      0.105
    33.500    -94.100     -0.395
    33.367     44.333      0.543
    33.200   -117.250      1.037
    32.915    -97.000      0.185
    32.900    130.700      0.157
    32.767   -117.133      1.109
    32.700     51.600      1.074
    32.500    -99.800     -0.006
    32.500    -93.800     -0.097
    32.400    -90.200     -0.352
    32.400    -86.300      0.077
    32.250   -111.000      0.365
    32.150     34.800     -0.934
    32.100    112.100      0.571
    32.067    118.767      0.142
    32.000     35.900     -0.472
    31.900     47.100      0.993
    31.900    117.200     -0.312
    31.900    120.500     -0.113
    31.800   -106.450     -0.299
    31.800    119.950      0.076
    31.650    120.250     -0.000
    31.700    120.700     -0.288
    31.600    -97.200     -0.247
    31.533     74.267     -0.356
    31.500     73.000     -0.746
    31.275    121.369      0.017
    31.340    120.600      0.077
    31.400    120.950      0.143
    30.700    104.000      0.472
    30.667    114.300      0.045
    30.600    117.000     -0.048
    30.500    -91.200     -0.403
    30.500    -87.300      0.211
    30.350    -97.800      0.094
    30.400    -81.650     -0.131
    30.300    120.300      0.008
    30.150     31.250     -1.011
    29.835    -95.418      0.121
    30.100    120.800     -0.207
    30.100    121.100     -0.112
    30.000    -90.150     -0.352
    29.950    121.550     -0.104
    29.550    -98.550      0.376
    29.600    106.450      0.232
    28.675     77.162     -0.038
    28.600    -81.429     -0.020
    28.700    115.900     -0.409
    28.050    -82.800      0.240
    28.033    -82.467      0.021
    28.100    -80.700      0.091
    27.500    -82.600      0.219
    26.700    -81.900      0.134
    26.180    -80.273     -0.046
    26.500     50.000     -0.241
    26.500     80.300     -0.139
    26.200    -81.800      0.178
    26.100    119.250      0.033
    25.750   -100.400      0.304
    25.500     81.800     -0.118
    25.450    119.000      0.173
    25.200     75.800      0.194
    25.100    102.600      0.381
    25.050    121.200      0.215
    25.100    121.450      0.166
    24.933     67.033     -1.690
    24.800    118.500      0.267
    24.760     46.680      0.616
    24.200    120.600     -0.153
    23.575    116.625      0.166
    23.600    116.350      0.098
    23.023    113.145      0.238
    23.300     77.400      0.084
    23.300    116.350      0.115
    23.100     72.550     -1.240
    23.038    113.763      0.321
    23.100    120.200     -0.194
    22.800     75.800      0.390
    22.700     88.300      0.024
    22.800    113.800      0.171
    22.700    110.100     -0.064
    22.667    114.033      0.057
    22.700    120.300      0.451
    22.400     73.100     -0.011
    22.300    -97.900     -0.724
    22.200   -101.000      0.300
    21.500     39.200     -1.605
    21.400   -158.000      0.213
    21.200     72.800      0.185
    21.100    105.800      0.411
    20.900    106.600      0.037
    20.700   -103.400     -0.347
    19.443    -99.171     -0.051
    19.200     72.800     -0.181
    19.100    -98.300      0.617
    18.600    -72.300     -1.224
    18.600     73.800     -0.093
    17.467     78.433      0.367
    16.900     96.100      0.180
    15.667     32.467      0.150
    14.700    121.000      0.682
    13.833    100.500     -0.040
    13.100     80.200     -0.613
    13.000     77.500      0.105
    12.400     -1.600      0.007
    10.900    106.700      0.710
    10.700    -71.700      0.867
    10.000    -84.100      0.305
     8.400    -62.700      0.042
     6.800     -1.700      0.893
     6.620      3.260      0.293
     6.400      5.600      0.538
     5.700     -0.250      0.123
     5.600      5.700      0.169
     5.400     -4.100      0.394
     5.400    100.400      0.063
     4.700    -74.200      0.909
     4.600    101.000     -0.044
     3.600     98.600      0.618
     3.100    101.575      0.026
     2.300    102.200      0.249
     1.600    110.300      0.340
     1.400    103.850      0.187
    -0.900    -78.700     -0.424
    -1.300    -48.500     -0.304
    -1.600    -78.700     -0.395
    -2.900    104.700      0.309
    -3.000    -60.000     -0.021
    -3.700    -38.600     -0.106
    -4.300     15.200      1.032
    -5.100    119.400      0.451
    -6.200    106.777      0.082
    -6.800     39.200      0.078
    -7.100    -34.900      0.239
    -7.250    112.700      0.520
    -7.900    112.600      0.298
    -8.000    -35.000      1.342
    -8.800     13.200     -0.236
   -11.960    -77.060     -0.089
   -12.200    -39.000     -1.271
   -12.900    -38.500      0.138
   -15.800    -48.100      0.133
   -16.600    -49.300      0.056
   -17.700    -63.200     -0.244
   -17.800     31.000      0.884
   -19.700    -48.000      0.423
   -19.867    -44.100      0.697
   -20.300    -40.400      0.305
   -20.400    -54.700     -0.183
   -22.300    -47.000      0.253
   -22.700    -47.700     -0.065
   -22.700    -47.400      0.112
   -22.800    -47.175      0.212
   -22.780    -43.400     -0.087
   -22.800    -43.100     -0.156
   -22.900    -43.700     -0.338
   -23.400    -47.500     -0.004
   -23.500    -46.607      0.258
   -23.900    -46.400      0.034
   -24.900    -53.500     -0.051
   -25.300    -57.600      0.127
   -25.400    -49.300      0.037
   -25.500     28.000     -0.064
   -25.700     28.150      0.900
   -26.145     27.991      0.957
   -26.200     28.400      0.447
   -27.460    152.980      0.495
   -27.900    153.300      0.766
   -29.700    -51.200     -0.215
   -29.950    -51.200     -0.164
   -31.350    -64.250      0.363
   -31.500    -68.550     -0.278
   -31.700    -52.400      0.272
   -31.920    115.840      0.343
   -32.867    -68.867      0.250
   -32.900    151.600      0.286
   -33.000    -68.600      1.290
   -33.425    -70.700      0.675
   -33.763    150.925      0.087
   -33.933     18.533      0.554
   -33.900     25.500      0.492
   -34.100    -70.800     -0.420
   -34.573    -58.609      0.008
   -34.800    -56.200     -0.192
   -34.875    138.525      0.432
   -36.900    174.800      1.724
   -37.790    145.040      0.509
   -38.500    -58.800     -0.206
   -38.700    -62.300      0.148
   -38.900    -68.100      0.029
