    60.300     24.900      0.723
    59.980     30.300      0.582
    57.200     65.500      0.130
    57.100      9.900     -0.199
    57.000     24.050      0.096
    56.900     53.200     -0.016
    56.900     60.550      0.295
    56.350     43.800      0.066
    56.200     10.100      0.254
    56.100     92.950      0.388
    55.800     37.564      0.480
    55.900     -4.300      0.035
    55.700     12.350      0.164
    55.200     61.400      0.132
    55.100     82.900     -0.014
    55.000     -1.550      0.098
    55.000     73.350      0.355
    54.600     -1.300      0.248
    53.600   -113.550     -0.008
    53.600     10.000     -0.096
    53.500     -3.000     -0.010
    53.500     -2.250      0.088
    53.400     -6.300      0.593
    53.400     83.700      0.124
    53.300     34.300     -0.036
    53.300     50.200     -0.287
    53.200     23.100     -0.131
    53.100      8.800      0.263
    53.000     -1.200     -0.035
    53.000     36.000     -0.002
    52.533     -2.000      0.191
    52.550     13.400      0.315
    52.500     16.900      0.061
    52.400      4.600      0.080
    52.400      4.800     -0.212
    52.400      9.700     -0.330
    52.275     21.000      0.174
    52.200     11.600      0.285
    52.100      4.300      0.220
    52.000      4.100     -0.076
    52.000      4.500     -0.072
    52.000      7.600     -0.324
    51.900      4.300      0.071
    51.800     19.400      0.080
    51.800     36.100      0.271
    51.700     39.200     -0.110
    51.555     -0.173      0.154
    51.260      6.904      0.064
    51.600     45.900     -0.243
    51.500      5.400     -0.227
    51.400      6.100     -0.193
    51.400     12.300     -0.083
    51.267      4.333     -0.119
    51.067   -114.133      0.593
    51.100      3.700     -0.172
    51.100     13.700      0.000
    50.900      4.350      0.056
    50.700      3.000     -0.213
    50.700      5.500      0.215
    50.500      3.800     -0.028
    50.500     30.450     -0.207
    50.400     18.850     -0.108
    50.300     19.100      0.504
    50.133      8.417      0.359
    50.100     14.450      0.620
    50.100     15.700     -0.053
    50.100     18.400     -0.378
    50.100     19.900      0.155
    50.000     36.200     -0.080
    49.900    -97.200      0.287
    49.900     18.200      0.022
    49.900     18.500      0.217
    49.900     24.000     -0.149
    49.450      1.000     -0.207
    49.500      8.300      0.503
    49.450     11.000     -0.622
    49.350      6.100     -0.042
    49.350      6.750      0.083
    49.260   -123.020      0.131
    49.100      8.300      0.469
    48.892      2.315      0.766
    49.000     38.400     -0.228
    48.800      9.200     -0.038
    48.800     44.500     -0.015
    48.600      7.700      0.235
    48.600     12.100     -0.015
    48.600     38.600      0.146
    48.500   -123.400      0.313
    48.500     35.000      0.178
    48.400     38.000     -0.328
    48.267     16.333      0.561
    48.200     11.450      0.039
    48.200     17.100      0.590
    48.200     33.500      0.668
    48.075     37.750     -0.045
    47.950     33.350     -0.098
    47.900   -122.300      0.462
    47.900     35.050      0.259
    47.450   -122.367      0.380
    47.700   -122.200      0.209
    47.700   -117.300      0.105
    47.525     19.075      0.065
    47.500     -0.600      0.140
    47.400      8.500      0.239
    47.400    123.900     -0.141
    47.300     39.650     -0.035
    47.200   -122.600      0.499
    47.200     37.500     -0.171
    47.100     15.400      0.566
    46.900    -71.300     -0.300
    46.400     48.000      0.068
    46.300   -119.250     -0.088
    45.800      4.850      0.372
    45.800    126.650     -0.048
    45.600   -122.667      0.371
    45.700      8.750      0.425
    45.586      9.143     -0.176
    45.580    -73.660      0.021
    45.450    -75.750     -0.025
    45.008    -93.317      0.063
    45.100      7.550      0.229
    45.100     38.900     -0.354
    45.100     41.900      0.013
    44.900     -0.650      0.228
    44.500     26.050      0.307
    44.300    -88.500     -0.241
    44.100   -123.100      0.285
    44.000      4.800      0.384
    43.778    -79.522      0.103
    43.900     11.100      0.185
    43.900    125.250     -0.225
    43.900    126.500     -0.005
    43.333     76.867      0.214
    43.100    -88.050     -0.120
    43.200    -77.700     -0.141
    43.133    141.333     -0.033
    43.100    -89.500      0.192
    43.100    -76.200     -0.302
    43.000    -85.700     -0.059
    43.000    -82.500     -0.012
    43.000    -78.850      0.005
    42.800    -84.600      0.270
    42.750    -73.850     -0.202
    42.800    -71.500      0.112
    42.496    -83.235      0.046
    42.480    -71.200      0.192
    42.400    -71.600      0.280
    42.300    -89.100      0.106
    42.300    -71.800     -0.117
    41.874    -87.894      0.203
    42.200    -72.600      0.237
    42.200     24.700      0.091
    41.850    -71.500     -0.063
    41.900     12.400      0.209
    41.900     59.900     -0.155
    41.833    123.367      0.077
    41.900    123.850      0.128
    41.800    -72.700     -0.310
    41.700    -83.650     -0.031
    41.600    -88.200     -0.152
    41.520    -81.720     -0.063
    41.600      2.050      0.074
    41.400      2.000     -0.378
    41.367     69.233      0.451
    41.300    -96.050      0.018
    41.300    -73.100      0.214
    41.200     -8.600      0.148
    41.200    122.000      0.023
    41.200    122.950     -0.045
    41.100    -80.700     -0.316
    40.820    -73.995      0.149
    41.100     28.600      0.438
    41.033     29.050      0.060
    40.933     14.350     -0.127
    40.700   -111.975      0.187
    40.800     72.300      0.164
    40.800    120.800      0.129
    40.700    -75.400     -0.183
    40.700    109.750      0.013
    40.600   -105.100      0.121
    40.567     70.900     -0.316
    40.467    -80.000      0.026
    40.450     -3.750      0.263
    40.500     49.900     -0.451
    40.500     71.650      0.482
    40.400    -76.000      0.201
    40.087    -75.117      0.122
    40.350    -74.100     -0.179
    40.300    -76.900     -0.079
    40.200     44.400      0.221
    39.936    116.291      0.223
    40.040    -83.020     -0.258
    40.100    -74.200      0.553
    40.100    113.200      0.275
    40.000     32.750     -0.176
    40.000     66.200      0.286
    39.789   -105.033      0.169
    39.900    -89.000      0.105
    39.820    -86.220     -0.132
    39.733    -84.233      0.162
    39.800    -75.650      0.455
    39.750     66.900     -0.153
    39.700    118.100     -0.017
    39.600   -119.800     -0.445
    39.320    -84.540     -0.025
    39.340    -76.720     -0.195
    39.080    -94.680      0.004
    39.090    117.310      0.089
    38.957    -77.129      0.133
    39.100    125.700     -0.537
    39.000    121.500      0.001
    38.900   -104.800      0.209
    38.900    115.450     -0.212
    38.660   -121.400      0.100
    38.690    -90.390     -0.027
    38.800     -9.250      0.295
    38.600     68.700      0.029
    38.500     27.200      0.034
    38.300    -85.750      0.018
    38.300    140.800      0.161
    38.133    114.467      0.139
    38.067     23.667      0.056
    38.000   -122.400      0.246
    38.000   -122.100      0.148
    38.000   -121.300     -0.293
    37.860    112.460     -0.119
    37.750   -122.500      0.201
    37.700   -121.000      0.187
    37.700    -97.400     -0.266
    37.556    126.933     -0.252
    37.600    -77.500      0.153
    37.600     15.000      0.511
    37.600    121.300      0.440
    37.600    126.600      0.121
    37.500    112.000      0.108
    37.360   -121.980      0.113
    37.100    -76.400      0.274
    37.100    114.450     -0.031
    36.850   -119.800      0.142
    36.875    -76.225     -0.155
    36.750    117.950     -0.129
    36.800    137.000     -0.128
    36.700    101.700     -0.382
    36.700    116.900      0.146
    36.600    136.600     -0.214
    36.400     43.100      0.330
    36.400     59.500      0.404
    36.400    120.350     -0.511
    36.400    127.300      0.682
    36.350    139.200      0.130
    36.400    140.400      0.206
    36.180   -115.220     -0.304
    36.300    137.900     -0.061
    35.777    139.562      0.305
    36.150    -95.950     -0.009
    36.200    -86.800     -0.112
    36.200    120.400     -0.016
    36.100    140.100     -0.049
    35.900    -78.700      0.079
    35.900    128.500     -0.143
    35.750     51.350      0.424
    35.700    138.500     -0.208
    35.650    140.100      0.384
    35.600    129.300      0.479
    35.500    -97.600      0.988
    35.224    136.838      0.157
    35.400   -119.100      0.505
    35.300    -80.900     -0.128
    35.300    113.200     -0.008
    35.200   -106.700     -0.178
    35.133    -89.967     -0.099
    35.200     33.300     -0.038
    35.100    118.225      0.034
    35.200    128.950      0.321
    35.100    -79.000     -0.254
    34.780    135.500      0.362
    34.900    117.500     -0.207
    34.800    -92.300      0.225
    34.800    113.650     -0.101
    34.800    134.900      0.094
    34.800    137.300      0.318
    34.800    137.700      0.135
    34.700    112.400     -0.119
    34.700    133.900      0.024
    34.650    135.700      0.164
    34.600    133.700      0.077
    34.500    132.400      0.221
    34.350    108.825      0.337
    34.036   -118.033      0.075
    34.300    117.100     -0.257
    33.929    -84.379      0.089
    34.000     35.600      0.698
    33.900    132.700      0.073
    33.800   -117.000     -0.018
    33.800   -116.400     -0.751
    33.800    113.200     -0.082
    33.531   -112.075     -0.131
    33.700     73.000     -0.093
    33.600     -7.700     -0.065
    33.600     36.300      0.360
    33.600    130.350     -0.027
    33.600    133.500     -0.042
    33.500    -94.100      0.075
    33.367     44.333      0.057
    33.200   -117.250     -0.837
    32.915    -97.000      0.164
    33.000    117.300      0.003
    32.760   -117.100      0.387
    32.900     13.100      0.700
    32.900    130.700     -0.043
    32.700     51.600      0.435
    32.500    -99.800     -0.210
    32.500    -93.800      0.743
    32.400    -90.200      0.154
    32.400    -86.300      0.102
    32.250   -111.000      0.195
    32.150     34.800      0.510
    32.100    112.100      0.104
    32.067    118.767      0.075
    32.000     35.900     -0.200
    31.900     47.100      0.086
    31.900    117.250      0.009
    31.833    119.933     -0.205
    31.900    120.500      0.173
    31.800   -106.450      0.422
    31.444    120.500      0.152
    31.700    120.700      0.266
    31.600    -97.200     -0.303
    31.533     74.267     -0.884
    31.500     73.000      0.994
    31.240    121.405     -0.044
    31.400    120.950     -0.397
    30.717    103.983      0.138
    30.667    114.300      0.212
    30.600    117.000      0.173
    30.500    -91.200      0.116
    30.500    -87.300      0.443
    30.350    -97.800      0.345
    30.400    -81.650      0.270
    30.300    120.300     -0.069
    30.150     31.250     -0.512
    29.828    -95.417      0.226
    30.100    121.100     -0.236
    30.000    -90.150     -0.626
    29.950    121.550     -0.111
    29.800    -95.800     -0.459
    29.550    -98.550     -0.303
    29.600    106.450     -0.139
    28.675     77.162     -0.233
    28.600    -81.429      0.268
    28.700    115.900     -0.138
    28.050    -82.800      0.278
    28.033    -82.467      0.389
    28.100    -80.700      0.464
    27.900    113.100      0.077
    27.500    -82.600      0.430
    26.700    -81.900      0.193
    26.180    -80.273     -0.297
    26.500     50.000      0.670
    26.500     80.300      0.433
    26.200    -81.800     -0.341
    26.100    119.250      0.251
    25.750   -100.400     -0.057
    25.500     81.800      0.076
    25.450    119.000      0.373
    25.200     75.800     -0.195
    25.100    102.600      0.468
    25.050    121.200      0.201
    25.100    121.450     -0.710
    24.933     67.033      0.110
    24.833    118.500      0.075
    24.760     46.680      0.126
    24.250    120.600      0.143
    23.600    116.350     -0.388
    23.533    116.633     -0.055
    23.022    113.135      0.430
    23.300     77.400     -0.516
    23.300    116.350      0.115
    23.100     72.550      0.454
    23.038    113.763      0.550
    23.100    120.200     -0.497
    22.800     75.800     -0.467
    22.700     88.300     -0.542
    22.800    113.800      0.062
    22.700    114.025      0.246
    22.800    114.300      0.488
    22.700    110.100      0.816
    22.700    120.300      0.158
    22.300    -97.900      0.173
    22.200   -101.000     -0.557
    21.500     39.200      2.140
    21.400   -158.000     -0.826
    21.100    105.800      0.401
    20.900    106.600      0.103
    20.700   -103.400      0.240
    19.443    -99.171      0.325
    19.100    -98.300      0.065
    18.600    -72.300     -0.313
    18.600     73.800     -0.650
    17.467     78.433      0.261
    16.900     96.100     -0.121
    15.667     32.467      1.650
    14.700    121.000      0.735
    13.825    100.525     -0.275
    13.050     80.150     -0.408
    13.000     77.550      0.802
    12.400     -1.600      0.519
    10.900    106.675      0.176
    10.700    -71.700      0.196
    10.000    -84.100      0.494
     8.400    -62.700      0.235
     6.800     -1.700      1.464
     6.620      3.260      0.496
     6.400      5.600      0.368
     5.700     -0.250     -0.188
     5.600      5.700     -0.027
     5.400     -4.100      0.380
     5.400    100.400      0.190
     4.700    -74.200      1.042
     4.100      9.700     -0.029
     3.600     98.600      0.537
     3.100    101.575      0.151
     2.300    102.200      0.451
     1.600    110.300      0.234
     1.400    103.850      0.483
    -0.900    -78.700     -0.030
    -1.300    -48.500      0.309
    -1.600    -78.700      0.359
    -2.900    104.700     -0.048
    -3.000    -60.000     -0.477
    -3.700    -38.600      0.512
    -4.300     15.200      1.463
    -5.100    119.400      0.255
    -6.207    106.800      0.201
    -6.800     39.200      0.936
    -7.100    -34.900      0.436
    -7.250    112.700      0.330
    -7.900    112.600     -0.313
    -8.000    -35.000      1.085
    -8.300    113.500     -0.246
    -8.800     13.200     -1.170
   -11.960    -77.060     -0.286
   -12.200    -39.000     -0.084
   -12.900    -38.500      1.190
   -15.800    -48.100      0.329
   -16.600    -49.300      0.074
   -17.700    -63.200     -0.038
   -17.800     31.000     -0.038
   -19.700    -48.000     -0.143
   -19.867    -44.100      0.193
   -20.300    -40.400      0.406
   -20.400    -54.700     -0.182
   -22.300    -47.000     -0.083
   -22.700    -47.700      0.446
   -22.700    -47.400      0.145
   -22.800    -47.175     -0.169
   -22.800    -43.375      0.288
   -22.800    -43.100      0.128
   -22.900    -43.700     -0.245
   -23.400    -47.500      0.104
   -23.500    -46.607      0.200
   -23.900    -46.400     -0.170
   -24.900    -53.500     -0.197
   -25.300    -57.600     -0.145
   -25.400    -49.300     -0.061
   -25.500     28.000      0.033
   -25.700     28.150      0.651
   -26.145     27.991      0.805
   -26.200     28.400     -0.179
   -27.460    152.980      0.291
   -27.900    153.300      0.830
   -29.100    -51.200      0.268
   -29.700    -51.200      0.670
   -29.900    -71.300     -0.191
   -29.950    -51.200      0.064
   -31.350    -64.250      0.298
   -31.500    -68.550     -0.625
   -31.700    -52.400     -0.146
   -31.920    115.840     -0.090
   -32.867    -68.867      1.078
   -32.900    151.600     -0.658
   -33.000    -68.600      0.398
   -33.425    -70.700      0.329
   -33.763    150.925      0.274
   -33.933     18.533     -0.190
   -33.900     25.500      0.714
   -34.100    -70.800      0.376
   -34.583    -58.617      0.126
   -34.840    138.540      0.217
   -34.800    -56.200      0.064
   -36.900    174.800      1.003
   -37.790    145.040      0.220
   -38.700    -62.300     -0.164
   -38.900    -68.100      0.018
