    64.600     40.500      0.154
    60.300     24.900     -0.053
    59.967     30.317      0.315
    59.400     18.000      0.478
    57.200     65.500     -0.061
    57.100      9.900     -0.171
    57.000     24.050      0.208
    56.900     53.200     -0.075
    56.900     60.550      0.121
    56.350     43.800      0.203
    56.200     10.100      0.566
    56.100     92.950      0.196
    55.800     37.564      0.394
    55.900     -4.300      0.003
    55.733     12.400      0.051
    55.200     61.400      0.116
    55.100     82.900     -0.042
    55.000     -1.550      0.312
    55.000     73.350      0.047
    54.600     -1.300      0.045
    53.800     -1.600     -0.134
    53.600   -113.550     -0.038
    53.600     10.000      0.171
    53.500     -3.000      0.254
    53.500     -2.250      0.148
    53.400     -6.300      0.531
    53.400     83.700      0.416
    53.300     34.300     -0.087
    53.300     50.200     -0.042
    53.200     23.100      0.163
    53.100      8.800      0.090
    53.000     -1.200      0.240
    53.000     36.000      0.295
    52.533     -2.000      0.333
    52.550     13.400      0.050
    52.500     16.900      0.031
    52.400      4.600      0.151
    52.400      4.800      0.083
    52.400      9.700      0.055
    52.300     21.000      0.234
    52.200     11.600     -0.316
    52.100     -0.800      0.087
    52.100      4.300      0.119
    52.050      4.550     -0.140
    52.000      4.100     -0.130
    52.000      7.600      0.161
    51.900      4.300     -0.064
    51.800     19.450     -0.145
    51.800     36.100      0.085
    51.700      4.800      0.209
    51.700     39.200      0.002
    51.550     -0.200      0.555
    51.246      6.908      0.146
    51.550      7.500      0.012
    51.600     45.900      0.131
    51.500      0.300      0.010
    51.500      5.400      0.094
    51.400      6.100      0.199
    51.400     12.300      0.167
    51.267      4.333     -0.050
    51.200     71.400      0.090
    51.067   -114.133      0.337
    51.100      3.700     -0.120
    51.100      4.100     -0.296
    51.100     13.700      0.028
    50.900      4.350      0.137
    50.700      3.000      0.030
    50.700      5.500     -0.069
    50.500      2.900     -0.193
    50.500      3.800      0.057
    50.500      4.400     -0.446
    50.500     30.450     -0.267
    50.400     18.850     -0.138
    50.300     19.100      0.337
    50.133      8.417     -0.059
    50.100     14.450      0.241
    50.100     15.700      0.224
    50.100     18.400     -0.008
    50.100     19.950      0.090
    50.000     36.200      0.064
    49.900    -97.200     -0.142
    49.900     18.250      0.134
    49.900     18.500      0.264
    49.900     24.000      0.140
    49.500      1.000     -0.276
    49.500      8.400      0.283
    49.450     11.000     -0.032
    49.350      6.100     -0.052
    49.350      6.750      0.010
    49.260   -123.020      0.091
    49.100      8.300      0.582
    48.892      2.315      0.707
    49.000     38.400      0.162
    48.850      9.200      0.209
    48.800     44.500      0.337
    48.600      7.700      0.401
    48.600     12.100      0.317
    48.600     38.600      0.274
    48.500   -123.400      0.051
    48.500     35.000      0.391
    48.400     38.000     -0.156
    48.267     16.333      0.509
    48.200     11.450      0.156
    48.200     17.100      0.264
    48.200     33.500     -0.043
    48.075     37.750     -0.038
    47.950     33.350      0.223
    47.900   -122.300      0.367
    47.900     35.100      0.057
    47.450   -122.367      0.248
    47.700   -122.200      0.203
    47.700   -117.300     -0.066
    47.525     19.075      0.112
    47.500     -0.600     -0.125
    47.400      8.500      0.365
    47.400    123.900      0.104
    47.300     39.650      0.178
    47.200   -122.600      0.248
    47.200     37.500     -0.119
    47.100     15.400     -0.256
    46.900    -71.300      0.205
    46.400     48.000     -0.189
    46.300   -119.250      0.005
    45.800      4.850      0.271
    45.767    126.633      0.097
    45.600   -122.643      0.415
    45.700      8.750     -0.033
    45.586      9.143      0.322
    45.583    -73.700      0.226
    45.450    -75.750     -0.046
    45.008    -93.317      0.002
    45.100      7.550      0.199
    45.100     41.900      0.011
    44.900     -0.650      0.370
    44.500     12.200      0.095
    44.500     26.050      1.109
    44.300    -88.500     -0.032
    44.100   -123.100     -0.029
    44.000      4.800     -0.049
    43.933    125.267     -0.037
    43.783    -79.542      0.089
    43.900     11.100      0.010
    43.900     18.300      0.069
    43.900    126.500     -0.119
    43.500    -84.000     -0.144
    43.333     76.867      0.468
    43.100    -88.050      0.143
    43.200    -77.700      0.270
    43.133    141.333      0.153
    43.100    -89.500      0.182
    43.100    -76.200      0.270
    43.000    -85.700     -0.116
    43.000    -82.500     -0.316
    43.000    -78.850      0.111
    42.800    -84.600      0.017
    42.800    -71.500     -0.278
    42.500    -83.246     -0.088
    42.700    -73.800      0.132
    42.480    -71.200     -0.030
    42.300    -89.100      0.131
    41.876    -87.909     -0.076
    42.200    -72.600     -0.196
    42.200     24.700      0.121
    41.850    -71.500     -0.098
    41.900     12.400     -0.224
    41.900     59.900      0.227
    41.825    123.325      0.462
    41.900    123.800     -0.259
    41.800    -72.700      0.383
    41.700    -83.650      0.138
    41.600    -88.200      0.217
    41.520    -81.720      0.144
    41.600      2.000     -0.144
    41.400      2.000      0.712
    41.367     69.233      0.432
    41.300    -96.050     -0.180
    41.300    -73.100     -0.364
    41.233    123.000     -0.150
    41.200     -8.600     -0.510
    41.200    122.000      0.195
    41.100    -80.700      0.311
    40.814    -74.010      0.040
    41.100     28.600      0.120
    41.033     29.050      0.101
    40.933     14.350      0.354
    40.700   -111.975      0.212
    40.800     72.300      0.442
    40.800    120.800      0.045
    40.700    -75.400     -0.191
    40.700    109.750      0.553
    40.600   -105.100      0.514
    40.575     70.950      0.071
    40.467    -80.000     -0.007
    40.450     -3.750      0.600
    40.500     49.900     -0.104
    40.500     71.650     -0.148
    40.400    -76.000      0.380
    40.088    -75.132      0.032
    40.350    -74.100      0.013
    40.300   -111.700      0.207
    40.300    -76.900      0.142
    40.300     69.700      0.723
    40.200     44.400      0.466
    39.942    116.292      0.211
    40.040    -83.020     -0.079
    40.100    -74.200     -0.105
    40.100    113.200     -0.156
    39.857    -86.200      0.151
    40.000     32.750      0.379
    40.000     66.200      0.079
    40.000     66.400     -0.572
    40.000    119.500      0.095
    39.789   -105.033      0.025
    39.900    -89.000      0.107
    39.780    -84.200      0.152
    39.800   -121.900     -0.169
    39.767    -75.667     -0.080
    39.750     66.900      0.112
    39.700    118.150     -0.507
    39.600   -119.800      0.026
    39.320    -84.540      0.076
    39.340    -76.720      0.059
    39.080    -94.680      0.006
    39.100    117.283     -0.077
    39.100    125.700      0.099
    38.943    -77.086      0.059
    39.000    121.500     -0.492
    38.900   -104.800      0.272
    38.900    115.450     -0.808
    38.660   -121.400     -0.143
    38.690    -90.390     -0.022
    38.800     -9.250      0.068
    38.600     68.700      0.047
    38.500     27.200      0.272
    38.300    -85.750      0.552
    38.300    140.800     -0.107
    38.133    114.467      0.217
    38.067     23.667      0.194
    38.000   -122.400      0.025
    38.000   -122.100      0.048
    38.000   -121.300      0.756
    37.860    112.460      0.114
    37.750   -122.500     -0.165
    37.700   -121.000      1.123
    37.700    -97.400      0.372
    37.622    126.900     -0.141
    37.600   -122.100     -0.252
    37.600    -77.500     -0.159
    37.600     15.000     -0.073
    37.600    121.300      0.135
    37.500    112.000     -0.054
    37.360   -121.980     -0.256
    37.300    127.000      0.470
    37.100    -76.400      0.250
    37.100    114.450      0.511
    36.850   -119.800      0.285
    36.880    -76.260      0.183
    36.750    117.950     -0.033
    36.800    137.000      0.144
    36.700    101.700      0.786
    36.700    116.900      0.642
    36.700    119.100     -0.489
    36.600    136.600      0.044
    36.400     43.100      0.034
    36.400    120.350     -0.274
    36.400    127.300      0.148
    36.350    139.200      0.324
    36.400    140.400     -0.175
    36.200   -115.217      0.028
    36.300    137.900      0.148
    35.774    139.568      0.433
    36.150    -95.950     -0.121
    36.200    -86.800     -0.036
    36.200    120.400     -0.096
    36.100    140.100      0.087
    35.900    -78.700     -0.071
    35.900    128.500     -0.155
    35.750     51.350      0.199
    35.700    138.500     -0.145
    35.650    140.100     -0.043
    35.600    129.300      0.164
    35.500    -97.600      0.183
    35.232    136.841      0.041
    35.400   -119.100      0.433
    35.300    -80.900     -0.392
    35.300    113.200     -0.354
    35.300    115.400      0.067
    35.300    128.600     -0.532
    35.200   -106.700     -0.132
    35.133    -89.967     -0.151
    35.200     33.300      0.297
    35.120    118.240      0.427
    35.200    128.950     -0.357
    35.100    -79.000     -0.249
    34.762    135.538      0.123
    34.900    -82.400     -0.388
    34.900    117.500     -0.085
    34.800    -92.300      0.016
    34.800    113.650      0.453
    34.800    134.900      0.324
    34.800    137.300      0.146
    34.800    137.700     -0.119
    34.700    112.400      0.114
    34.700    133.900      0.171
    34.600    133.700      0.440
    34.500    132.400      0.009
    34.350    108.825      0.022
    34.032   -118.032      0.081
    34.300    117.150     -0.350
    33.938    -84.377     -0.159
    34.100    -81.000      0.109
    34.000     35.600     -0.111
    34.000    118.200      0.501
    33.900    130.700      0.013
    33.900    132.700      0.540
    33.800   -117.000      0.012
    33.800   -116.400      0.053
    33.800    113.200      0.432
    33.541   -112.094      0.010
    33.700     73.000     -0.473
    33.600     -7.700      0.057
    33.600     36.300     -1.036
    33.600    130.350      0.192
    33.600    133.500      0.596
    33.500    -94.100      0.284
    33.367     44.333     -0.174
    33.400    120.100     -0.139
    33.200   -117.250     -0.130
    32.926    -97.009     -0.003
    33.000    117.300     -0.466
    32.760   -117.100     -0.286
    32.900     13.100      0.535
    32.900    130.700      0.504
    32.700     51.600     -0.719
    32.700    117.000     -0.164
    32.500    -99.800      0.002
    32.500    -93.800      0.263
    32.400    -90.200      0.768
    32.400    -86.300     -0.105
    32.250   -111.000      0.132
    32.150     34.800      0.200
    32.200    119.400      0.181
    32.100    112.100      0.395
    32.067    118.767     -0.104
    32.000     35.900     -0.511
    32.000    120.200     -0.113
    31.933    120.433      0.095
    31.900     47.100     -0.360
    31.867    117.233      0.037
    31.600    120.253      0.031
    31.800   -106.450     -0.351
    31.700     -8.100      0.042
    31.700    120.700     -0.033
    31.600    -97.200      0.021
    31.533     74.267      0.048
    31.500     73.000     -0.300
    31.265    121.323      0.021
    30.717    103.983      0.379
    30.800    120.700      0.166
    30.667    114.300      0.007
    30.500    -91.200     -0.331
    30.500    -87.300      0.402
    30.275    120.317      0.048
    30.350    -97.800     -0.413
    30.367    -81.633     -0.144
    30.300    121.200      0.511
    30.150     31.250      0.163
    29.805    -95.410      0.098
    30.100    121.100      0.192
    30.000    -90.150     -0.123
    29.967    121.533      0.155
    29.633    106.467     -0.075
    29.550    -98.550      0.297
    28.655     77.155      0.117
    28.600    -81.429      0.311
    28.700    115.850      0.077
    28.050    -82.800     -0.018
    28.200    112.900     -0.061
    28.033    -82.467      0.066
    28.100    -80.700      0.529
    27.900    113.100     -0.221
    27.500    -82.600     -0.847
    26.700    -81.950      0.151
    26.180    -80.273      0.206
    26.500     50.000      0.772
    26.500     80.300     -0.073
    26.300    127.700     -0.058
    26.200    -81.800      0.446
    26.100    119.250     -0.132
    25.750   -100.400      0.733
    25.500     81.800     -0.466
    25.450    119.000      0.260
    25.400     51.400     -0.380
    25.300     55.300     -0.622
    25.200     75.800     -0.088
    25.100    102.650      0.036
    25.050    121.200     -0.154
    25.100    121.450     -0.023
    24.933     67.033     -0.184
    24.833    118.500      0.226
    24.760     46.680      0.402
    24.600    117.900     -0.673
    24.250    120.600      0.066
    23.586    116.529      0.070
    23.000    113.148     -0.017
    23.300     77.400      0.011
    23.300    116.350      0.185
    23.100     72.550     -0.066
    23.038    113.763      0.067
    23.100    120.200     -0.241
    22.800     75.800     -1.085
    22.700     88.300     -0.025
    22.800    113.800      0.384
    22.700    114.025      0.101
    22.800    114.300     -0.281
    22.700    110.100      0.160
    22.700    120.300      0.264
    22.300    -97.900     -0.862
    22.200   -101.000     -0.009
    21.500     39.200     -1.806
    21.400   -158.000     -0.039
    21.200     72.800      0.558
    21.100    105.800     -0.314
    20.900    106.600     -0.018
    20.700   -103.400      0.237
    19.700    -99.200     -0.064
    19.443    -99.171      0.147
    19.200     72.800      0.554
    19.100    -98.300      0.494
    18.600    -72.300      0.404
    18.600     73.800      0.236
    17.450     78.450     -0.109
    16.900     96.100      0.087
    15.667     32.467      0.110
    14.700    121.000      0.697
    13.836    100.500     -0.005
    13.067     80.133     -0.200
    13.000     77.550      0.147
    12.700     -8.000     -0.146
    12.400     -1.600      0.098
    10.900    106.675      0.258
    10.700    -71.700     -0.093
    10.000    -84.100      0.323
     8.400    -62.700      0.346
     7.400      3.850      1.086
     6.750     -1.700      1.096
     6.620      3.260      0.139
     6.400      5.600      0.272
     5.700     -0.200     -0.145
     5.600      5.700     -0.073
     5.400     -4.050      0.023
     5.400    100.400      0.008
     4.700    -74.200      0.550
     4.100      9.700      0.293
     3.600     98.650      0.436
     3.100    101.575     -0.040
     2.300    102.200      0.255
     1.600    110.300      0.291
     1.433    103.833      0.383
     0.400     32.500      0.952
    -0.900    -78.700     -0.081
    -1.300    -48.500     -0.366
    -1.600    -78.700     -0.757
    -2.900    104.700      0.351
    -3.000    -60.000     -0.091
    -3.700    -38.600      0.402
    -4.250     15.200      1.596
    -5.100    119.400      0.124
    -6.206    106.769      0.154
    -6.800     39.200      1.007
    -6.900    107.600      0.172
    -7.100    -34.900      0.196
    -7.250    112.700      0.254
    -7.900    112.600      0.451
    -8.000    -35.000      1.495
    -8.800     13.200     -0.618
   -11.960    -77.060     -0.098
   -12.200    -39.000      0.486
   -12.900    -38.500      0.885
   -15.800    -48.100      0.229
   -16.650    -49.300     -0.051
   -17.800     31.000     -0.091
   -19.700    -48.000      0.460
   -19.867    -44.100      0.163
   -20.300    -40.400      0.491
   -20.400    -54.700      0.045
   -22.300    -47.000     -0.210
   -22.700    -47.700     -0.126
   -22.700    -47.400      0.122
   -22.820    -47.160      0.065
   -22.780    -43.400     -0.205
   -22.800    -43.100      0.220
   -22.900    -43.700      0.101
   -23.400    -47.500     -0.278
   -23.494    -46.625      0.390
   -23.900    -46.400     -0.162
   -24.900    -53.500      0.055
   -25.300    -57.600     -0.030
   -25.400    -49.300     -0.021
   -25.500     28.000      0.397
   -25.700     28.150      0.877
   -26.133     27.983      1.074
   -26.200     28.400      0.408
   -27.460    152.980      0.701
   -27.900    153.300      0.241
   -29.700    -51.200     -0.272
   -29.900    -71.300     -1.201
   -29.950    -51.200      0.299
   -31.350    -64.250      0.639
   -31.500    -68.550     -0.154
   -31.700    -52.400     -0.143
   -31.920    115.840      0.341
   -32.867    -68.867      1.145
   -32.900    151.600     -0.476
   -33.000    -68.600      0.702
   -33.425    -70.700      1.106
   -33.763    150.925      0.438
   -33.933     18.533      0.676
   -33.900     25.500      0.088
   -34.100    -70.800     -0.153
   -34.573    -58.609      0.681
   -34.840    138.540      0.899
   -34.800    -56.200      0.546
   -36.900    174.800      1.198
   -37.780    145.030      0.639
   -38.700    -62.300     -0.357
   -38.900    -68.100     -0.033
