    64.600     40.500      0.002
    60.300     24.900      0.209
    59.980     30.300      0.259
    57.200     65.500      0.160
    57.100      9.900      0.199
    57.000     24.050      0.072
    56.900     53.200      0.001
    56.900     60.550      0.151
    56.350     43.800      0.330
    56.200     10.100      0.026
    56.100     92.950      0.324
    55.800     37.564      0.545
    55.900     -4.300     -0.205
    55.750     12.450     -0.027
    55.200     61.400      0.351
    55.100     82.900     -0.259
    55.000     -1.550      0.127
    55.000     73.350     -0.155
    54.600     -1.300     -0.167
    53.800     -1.600      0.421
    53.600   -113.550     -0.109
    53.600     10.000      0.356
    53.500     -3.000      0.108
    53.500     -2.250      0.201
    53.400     -6.300      0.064
    53.400     83.700      0.261
    53.300     34.300     -0.086
    53.300     50.200     -0.047
    53.200     23.100      0.284
    53.100      8.800      0.072
    53.000     -1.200      0.046
    53.000     36.000      0.016
    52.533     -2.000      0.310
    52.550     13.400     -0.081
    52.500     16.900      0.064
    52.400      4.600      0.136
    52.400      4.800     -0.006
    52.400      9.700     -0.221
    52.275     21.000      0.056
    52.200     11.600      0.033
    52.100     -0.800      0.475
    52.100      4.300     -0.104
    52.000      4.567     -0.077
    52.000      4.100     -0.174
    52.000      7.600     -0.106
    51.900      4.300      0.117
    51.800     19.450      0.104
    51.800     36.100      0.216
    51.700      4.800     -0.022
    51.700     39.200      0.300
    51.550     -0.200      0.185
    51.246      6.908      0.011
    51.550      7.500      0.189
    51.600     45.900      0.420
    51.500      0.300      0.307
    51.500      5.400     -0.396
    51.400      6.100     -0.075
    51.400     12.300      0.074
    51.267      4.333     -0.024
    51.200     71.400      0.171
    51.067   -114.133      0.287
    51.100      3.700     -0.337
    51.100      4.100     -0.266
    51.100     13.700      0.088
    50.900      4.350     -0.208
    50.700      3.000     -0.222
    50.700      5.500     -0.113
    50.500      2.900      0.218
    50.500      3.800      0.706
    50.500      4.400     -0.017
    50.500     30.450      0.026
    50.400     18.850      0.086
    50.300     19.100     -0.044
    50.133      8.417      0.232
    50.100     14.450      0.149
    50.100     15.700      0.120
    50.100     18.400      0.064
    50.100     19.900     -0.044
    50.000     36.200      0.099
    49.900    -97.200      0.237
    49.900     18.250      0.094
    49.900     18.500      0.072
    49.900     24.000     -0.050
    49.450      1.000     -0.237
    49.500      8.400      0.132
    49.450     11.000      0.191
    49.350      6.100     -0.124
    49.350      6.750      0.193
    49.260   -123.020      0.137
    49.100      8.300      0.002
    48.900      2.300      0.576
    49.000     38.400     -0.163
    48.850      9.200     -0.104
    48.800     44.500      0.178
    48.600      7.700      0.513
    48.600     12.100      0.135
    48.600     38.600      0.059
    48.500   -123.400      0.086
    48.500     35.000      0.271
    48.400     38.000     -0.538
    48.267     16.333      0.510
    48.200     11.450      0.018
    48.200     17.100     -0.056
    48.200     33.500     -0.203
    48.075     37.750      0.204
    47.950     33.350      0.153
    47.900   -122.300      0.194
    47.900     35.050     -0.111
    47.450   -122.367      0.246
    47.700   -122.200      0.253
    47.700   -117.300     -0.085
    47.525     19.075      0.160
    47.500     -0.600     -0.067
    47.400      8.500      0.097
    47.400    123.900     -0.020
    47.300     39.650      0.052
    47.200   -122.600      0.304
    47.200     37.500      0.386
    47.100     15.400      0.128
    46.900    -71.300     -0.066
    46.400     48.000     -0.163
    46.300   -119.250      0.117
    45.800      4.850      0.169
    45.767    126.633      0.105
    45.600   -122.643      0.437
    45.700      8.750     -0.495
    45.586      9.143      0.005
    45.583    -73.700      0.214
    45.450    -75.750      0.315
    45.008    -93.317      0.021
    45.100      7.550      0.544
    45.100     41.900      0.079
    44.900     -0.650      0.081
    44.500     12.200      0.546
    44.500     26.050      0.267
    44.300    -88.500      0.135
    44.100   -123.100      0.261
    44.000      4.800     -0.204
    43.933    125.267      0.059
    43.783    -79.542     -0.077
    43.900    -79.100      0.171
    43.900     11.100      0.232
    43.900    126.500     -0.351
    43.600    -80.300     -0.056
    43.500    -84.000      0.278
    43.333     76.867      0.770
    43.100    -88.050      0.208
    43.200    -77.700      0.038
    43.133    141.333      0.220
    43.100    -89.500      0.049
    43.100    -76.200      0.082
    43.000    -85.700     -0.079
    43.000    -82.500     -0.093
    43.000    -81.300      0.242
    43.000    -78.850     -0.226
    42.800    -84.600      0.058
    42.800    -71.500     -0.459
    42.500    -83.246     -0.084
    42.700    -73.800     -0.008
    42.480    -71.200     -0.203
    42.300    -89.100      0.216
    41.882    -87.921     -0.003
    42.200    -72.600     -0.132
    42.200     24.700     -0.155
    41.850    -71.500      0.300
    41.900     12.400      0.100
    41.900     59.900     -0.580
    41.825    123.325      0.098
    41.900    123.800      0.095
    41.800    -72.700      0.080
    41.700    -83.650      0.382
    41.600    -88.200      0.120
    41.520    -81.720      0.071
    41.600      2.000      0.124
    41.400      2.000      0.234
    41.367     69.233      0.298
    41.300    -96.050      0.117
    41.300    -73.100      0.687
    41.233    123.000     -0.124
    41.200     -8.600      0.102
    41.200    122.000     -0.038
    41.100    -80.700     -0.242
    40.814    -74.010      0.051
    41.100     28.600      0.187
    41.033     29.050      0.477
    40.933     14.350      0.055
    40.700   -111.975     -0.343
    40.800     72.300      0.769
    40.800    120.800     -0.406
    40.700    -75.400     -0.181
    40.700    109.750      0.314
    40.600   -105.100      0.018
    40.575     70.950     -0.019
    40.467    -80.000      0.289
    40.450     -3.750      0.657
    40.500     49.900      0.802
    40.500     71.650      0.253
    40.400    -76.000     -0.330
    40.350    -74.100      0.287
    40.300   -111.700      0.363
    40.300    -76.900      0.062
    40.075    -75.150      0.116
    40.200     44.400      0.021
    39.952    116.292      0.085
    40.040    -83.020     -0.118
    40.100    -74.200     -0.152
    40.100    113.200     -0.273
    39.850    -86.217     -0.246
    40.000     32.750      0.346
    40.000     66.200     -0.006
    40.000     66.400      0.047
    40.000    119.500     -0.611
    39.770   -105.030      0.314
    39.900    -89.000     -0.117
    39.780    -84.200      0.039
    39.800   -121.900     -0.403
    39.767    -75.667      0.120
    39.750     66.900     -0.467
    39.700    118.150     -0.121
    39.600   -119.800     -0.303
    39.320    -84.540      0.117
    39.340    -76.720     -0.218
    39.080    -94.680      0.132
    39.100    117.283     -0.238
    39.100    125.700      0.174
    38.943    -77.086     -0.092
    39.000    121.500      0.707
    38.900   -104.800      0.792
    38.900    115.450      0.063
    38.660   -121.400     -0.246
    38.689    -90.389      0.077
    38.800     -9.250     -0.283
    38.600     68.700      0.105
    38.500     27.200     -0.132
    38.300    -85.750     -0.408
    38.300    140.800      0.191
    38.133    114.467     -0.001
    38.067     23.667      0.153
    38.000   -122.400      0.187
    38.000   -122.100      0.094
    38.000   -121.300      0.292
    37.860    112.460      0.083
    37.750   -122.500      0.036
    37.700   -121.000      0.204
    37.700    -97.400      0.115
    37.630    126.890     -0.053
    37.600    -77.500      0.137
    37.600     15.000      0.373
    37.600    121.300      0.488
    37.500    112.000     -0.092
    37.360   -121.980      0.080
    37.300    127.000      0.039
    37.100    -76.400      0.622
    37.100    114.450     -0.166
    36.850   -119.800      0.168
    36.880    -76.260      0.089
    36.750    117.950      0.004
    36.800    137.000      0.296
    36.700    101.700     -0.139
    36.700    116.950      0.263
    36.700    119.100     -0.101
    36.600    136.600      0.284
    36.400     43.100     -0.134
    36.400    120.350      0.570
    36.400    127.300     -0.062
    36.333    139.211     -0.043
    36.400    140.400     -0.021
    36.200   -115.217     -0.202
    36.300    137.900     -0.009
    35.768    139.605      0.309
    36.150    -95.950     -0.040
    36.200    -86.800      0.156
    36.200    120.400      0.137
    36.100    -79.900     -0.089
    36.100    140.100      0.393
    35.900    -78.700     -0.277
    35.900    128.500     -0.299
    35.750     51.350      0.605
    35.700    138.500     -0.179
    35.550    -97.600     -0.260
    35.600    129.300     -0.398
    35.224    136.838      0.242
    35.400   -119.100      0.521
    35.300    -80.900      0.180
    35.300    113.200     -0.264
    35.300    115.400      0.250
    35.150   -106.700      0.433
    35.133    -89.967     -0.177
    35.200     33.300     -0.134
    35.120    118.240      0.142
    35.200    128.950      0.233
    35.100    -79.000      0.246
    34.762    135.538      0.275
    34.900    117.500     -0.507
    34.800    -92.300      0.277
    34.800    113.600      0.447
    34.800    134.900     -0.020
    34.800    137.300      0.025
    34.800    137.700      0.213
    34.700    112.400      0.096
    34.700    133.900     -0.249
    34.600    133.700      0.083
    34.500    132.400     -0.173
    34.350    108.825      0.060
    34.036   -118.033     -0.134
    34.300    117.150     -0.068
    33.938    -84.377      0.193
    34.100    -81.000      0.267
    34.000     35.600     -0.092
    34.000    118.200      0.389
    33.900    130.700      0.141
    33.900    132.700      0.320
    33.800   -117.000      0.251
    33.800   -116.400     -0.772
    33.800    113.200      0.054
    33.528   -112.078      0.058
    33.700     73.000     -0.188
    33.600     -7.700     -0.240
    33.600     36.300      0.213
    33.600    130.350     -0.067
    33.600    133.500     -0.319
    33.500    -94.100     -0.109
    33.367     44.333      0.319
    33.400    120.100     -0.239
    33.200   -117.250      0.026
    32.926    -97.009      0.054
    33.000    117.300     -0.032
    32.760   -117.100      0.315
    32.900     13.100     -0.158
    32.900    130.700      0.359
    32.700     51.600      0.474
    32.700    117.000     -0.133
    32.500    -99.800      0.752
    32.500    -93.800     -0.629
    32.400    -90.200      0.304
    32.400    -86.300      0.419
    32.250   -111.000     -0.134
    32.150     34.800      0.117
    32.200    119.400      0.140
    32.100    112.100      0.065
    32.067    118.767     -0.306
    32.100    120.800      0.203
    32.000     35.900      0.126
    32.000    120.200      0.353
    31.933    120.433      0.088
    31.900     47.100      0.239
    31.867    117.233      0.223
    31.407    120.870      0.046
    31.800   -106.450      0.140
    31.700     -8.100     -0.032
    31.700    120.700     -0.268
    31.600    -97.200      0.045
    31.533     74.267     -0.210
    31.500     73.000     -0.052
    30.717    103.983     -0.004
    30.800    120.700     -0.165
    30.667    114.300     -0.035
    30.500    -91.200     -0.028
    30.500    -87.300      0.472
    30.285    120.292     -0.053
    30.350    -97.800      0.045
    30.367    -81.633      0.108
    30.300    121.200      0.318
    30.150     31.250      1.550
    29.805    -95.427      0.102
    30.100    121.100     -0.034
    30.000    -90.150     -0.301
    29.967    121.533      0.029
    29.633    106.467      0.015
    29.550    -98.550      0.435
    28.655     77.155     -0.199
    28.600    -81.429     -0.167
    28.700    115.850     -0.096
    28.050    -82.800     -0.136
    28.200    112.900      0.241
    28.033    -82.467      0.122
    28.100    -80.700      0.315
    27.900    113.100      0.195
    27.500    -82.600     -0.236
    27.000     75.700     -0.598
    26.700    -81.950     -0.159
    26.180    -80.273      0.019
    26.500     50.000     -0.992
    26.500     80.300     -0.036
    26.300    127.700     -0.002
    26.200    -81.800     -0.035
    26.100    119.250     -0.356
    25.750   -100.400      0.751
    25.500     81.800     -0.143
    25.450    119.000     -0.122
    25.300     55.300     -0.643
    25.200     75.800     -0.280
    25.067    102.667      0.351
    25.050    121.200      0.107
    25.100    121.450     -0.106
    24.933     67.033     -0.602
    24.833    118.500      0.129
    24.760     46.680     -1.009
    24.600    117.900      0.098
    24.250    120.600     -0.012
    23.587    116.550     -0.025
    23.000    113.148      0.076
    23.300     77.400      0.403
    23.300    116.350     -0.021
    23.100     72.550     -0.611
    23.038    113.763     -0.055
    23.100    120.200     -0.140
    22.800     75.800     -0.069
    22.700     88.300     -0.290
    22.800    113.800      0.496
    22.700    114.025      0.539
    22.800    114.300      0.281
    22.700    110.100      0.035
    22.700    120.300      0.306
    22.300    -97.900      0.003
    22.200   -101.000     -0.223
    21.500     39.200      4.014
    21.400   -158.000      0.019
    21.200     72.800      0.506
    21.100    105.800      0.047
    20.900    106.600      0.136
    20.700   -103.400      0.069
    19.700    -99.200      0.768
    19.443    -99.171     -0.157
    19.100    -98.300      0.174
    18.600    -72.300     -0.584
    18.600     73.800      0.425
    17.450     78.450     -0.195
    16.900     96.100     -0.165
    15.667     32.467      0.574
    14.700    121.000      0.724
    13.823    100.477     -0.197
    13.067     80.133      0.099
    13.000     77.550     -0.138
    12.700     -8.000      0.962
    12.400     -1.600      0.210
    10.900    106.675      0.452
    10.700    -71.700      0.279
    10.000    -84.100      0.352
     8.400    -62.700      0.395
     7.400      3.850      1.735
     7.200      3.300      0.220
     6.750     -1.700      1.622
     6.643      3.314      0.242
     6.400      5.600      0.298
     5.700     -0.200      0.190
     5.600      5.700     -0.121
     5.433     -4.067      0.334
     5.400    100.400      0.096
     4.700    -74.200      0.318
     4.100      9.700      0.386
     3.600     98.600      1.077
     3.100    101.575      0.206
     2.300    102.200     -0.091
     1.475    103.800     -0.057
     1.600    110.300     -0.138
     0.400     32.500      1.009
    -0.900    -78.700     -0.160
    -1.300    -48.500     -0.478
    -1.600    -78.700      0.019
    -2.900    104.700     -0.176
    -3.000    -60.000     -0.392
    -3.700    -38.600     -0.128
    -4.250     15.200      1.755
    -5.100    119.400      0.474
    -6.206    106.769      0.446
    -6.800     39.200      0.757
    -6.900    107.600      0.584
    -7.100    -34.900      0.459
    -7.250    112.700      0.754
    -7.900    112.600     -0.447
    -8.000    -35.000      0.348
    -8.800     13.200     -0.099
   -11.960    -77.060      0.392
   -12.200    -39.000     -0.267
   -12.900    -38.500      1.049
   -15.800    -48.100      0.479
   -16.650    -49.300     -0.154
   -17.800     31.000     -0.585
   -19.700    -48.000     -0.505
   -19.867    -44.100      0.113
   -20.300    -40.400     -0.003
   -20.400    -54.700      0.730
   -22.300    -47.000     -0.000
   -22.700    -47.700      0.107
   -22.700    -47.400     -0.466
   -22.820    -47.160     -0.183
   -22.800    -43.375      0.278
   -22.800    -43.100      0.468
   -22.900    -43.700     -0.363
   -23.400    -47.500     -0.400
   -23.494    -46.625      0.162
   -23.900    -46.400      0.236
   -24.900    -53.500     -0.023
   -25.300    -57.600     -0.347
   -25.400    -49.300     -0.460
   -25.500     28.000      0.474
   -25.700     28.150      1.071
   -26.133     27.983      0.739
   -26.200     28.400     -0.173
   -27.460    152.980      0.490
   -27.900    153.300      0.392
   -29.700    -51.200      0.002
   -29.950    -51.200      0.017
   -31.350    -64.250      0.622
   -31.500    -68.550     -0.891
   -31.700    -52.400      0.160
   -31.920    115.840      0.225
   -32.867    -68.867      1.128
   -32.900    151.600     -0.152
   -33.000    -68.600      0.008
   -33.425    -70.700      0.802
   -33.763    150.925      0.206
   -33.933     18.533      0.392
   -33.900     25.500     -0.303
   -34.100    -70.800     -0.182
   -34.573    -58.609      0.561
   -34.840    138.540      0.328
   -34.800    -56.200     -0.933
   -36.900    174.800      1.577
   -37.780    145.030      0.375
   -38.500    -58.800     -0.093
   -38.700    -62.300      0.276
   -38.900    -68.100      0.560
