    60.300     24.900     -0.027
    59.980     30.300      0.394
    57.200     65.500      0.121
    57.100      9.900     -0.328
    57.000     24.050      0.114
    56.900     53.200      0.174
    56.900     60.550      0.231
    56.350     43.800      0.155
    56.200     10.100     -0.047
    56.100     92.950      0.227
    55.800     37.564      0.214
    55.900     -4.300     -0.137
    55.700     12.350     -0.129
    55.200     61.400      0.394
    55.100     82.900     -0.051
    55.000     -1.550     -0.205
    55.000     73.350      0.649
    54.600     -1.300     -0.019
    53.600   -113.550      0.067
    53.600     10.000     -0.072
    53.500     -3.000      0.204
    53.500     -2.250      0.350
    53.400     -6.300      0.100
    53.400     83.700      0.320
    53.300     34.300      0.078
    53.300     50.200      0.229
    53.100      8.800      0.200
    53.000     -1.200      0.118
    53.000     36.000     -0.038
    52.533     -2.000      0.264
    52.550     13.400      0.267
    52.500     16.900     -0.162
    52.400      4.600     -0.038
    52.400      4.800     -0.072
    52.400      9.700      0.252
    52.275     21.000      0.293
    52.200     11.600     -0.031
    52.100      4.300      0.039
    52.000      4.100      0.052
    52.000      4.500      0.168
    52.000      7.600      0.167
    51.900      4.300      0.045
    51.800     19.400      0.258
    51.800     36.100     -0.042
    51.700     39.200      0.198
    51.560     -0.160      0.376
    51.260      6.904      0.153
    51.600     45.900     -0.104
    51.500      0.300      0.003
    51.500      5.400      0.167
    51.400      6.100      0.097
    51.400     12.300     -0.249
    51.267      4.333     -0.016
    51.067   -114.133      0.502
    51.100      3.700     -0.214
    51.100     13.700      0.381
    50.900      4.350     -0.020
    50.700      3.000      0.353
    50.700      5.500      0.068
    50.500      3.800      0.362
    50.500      4.400     -0.149
    50.500     30.450     -0.076
    50.350     18.950     -0.099
    50.133      8.417      0.110
    50.100     14.450      0.559
    50.100     15.700     -0.380
    50.100     18.400      0.094
    50.100     19.900      0.292
    50.000     36.200      0.060
    49.900    -97.200     -0.179
    49.900     18.250      0.321
    49.900     18.500     -0.094
    49.900     24.000     -0.086
    49.500      1.000      0.188
    49.500      8.300      0.008
    49.450     11.000     -0.041
    49.350      6.100      0.203
    49.350      6.750      0.256
    49.260   -123.020     -0.011
    49.100      8.300     -0.055
    48.892      2.315      0.576
    49.000     38.400     -0.300
    48.800      9.200      0.094
    48.800     44.500      0.137
    48.700      6.100     -0.105
    48.600      7.700      0.416
    48.600     12.100      0.089
    48.600     38.600      0.069
    48.500   -123.400      0.098
    48.500     35.000      0.379
    48.400     38.000     -0.007
    48.267     16.333      0.557
    48.200     11.450      0.075
    48.200     17.100     -0.044
    48.200     33.500     -0.065
    48.075     37.750     -0.169
    47.950     33.350      0.034
    47.900   -122.300      0.193
    47.900     35.050     -0.042
    47.450   -122.367      0.212
    47.700   -122.200     -0.232
    47.700   -117.300      0.134
    47.525     19.075      0.086
    47.500     -0.600      0.190
    47.400      8.500      0.104
    47.400    123.900      0.114
    47.300     39.700      0.408
    47.200   -122.600      0.288
    47.200     37.500     -0.599
    47.100     15.400      0.225
    46.900    -71.300     -0.117
    46.400     48.000      0.130
    46.300   -119.250     -0.213
    45.800      4.850      0.029
    45.800    126.650      0.184
    45.600   -122.667      0.379
    45.700      8.750     -0.215
    45.586      9.143      0.189
    45.583    -73.700      0.216
    45.450    -75.750      0.188
    45.008    -93.317     -0.118
    45.100      7.550      0.061
    45.100     38.900      0.427
    45.100     41.900      0.091
    44.900     -0.650      0.001
    44.500     26.050      0.658
    44.300    -88.500      0.080
    44.100   -123.100     -0.020
    44.000      4.800     -0.127
    43.778    -79.522     -0.177
    43.900     11.100     -0.018
    43.900    125.250      0.290
    43.900    126.500      0.200
    43.333     76.867      0.540
    43.100    -88.050      0.325
    43.200    -77.700     -0.045
    43.133    141.333      0.110
    43.100    -89.500      0.113
    43.100    -76.200      0.193
    43.000    -85.700      0.070
    43.000    -82.500      0.149
    43.000    -78.850      0.151
    42.800    -84.600      0.021
    42.750    -73.850      0.359
    42.800    -71.500     -0.183
    42.496    -83.235      0.006
    42.480    -71.200     -0.293
    42.400    -71.600      0.094
    42.300    -89.100      0.008
    42.300    -71.800     -0.098
    41.869    -87.894      0.168
    42.200    -72.600     -0.253
    42.200     24.700      0.200
    41.850    -71.500     -0.087
    41.900     12.400      0.004
    41.900     59.900     -0.477
    41.833    123.367      0.099
    41.900    123.850      0.160
    41.800    -72.700     -0.253
    41.700    -83.650     -0.061
    41.520    -81.720      0.112
    41.600      2.050     -0.152
    41.400      2.000      0.590
    41.367     69.233      0.699
    41.300    -96.050     -0.239
    41.300    -73.100      0.224
    41.200     -8.600     -0.065
    41.200    122.000      0.131
    41.200    122.950      0.402
    41.100    -80.700     -0.197
    40.828    -73.983      0.155
    41.100     28.600      0.547
    41.033     29.050      0.415
    40.933     14.350      0.449
    40.733   -111.967     -0.017
    40.800     72.300      0.127
    40.800    120.800     -0.097
    40.700    -75.400      0.081
    40.700    109.750     -0.192
    40.600   -105.100      0.276
    40.567     70.900     -0.156
    40.467    -80.000      0.262
    40.450     -3.750      0.394
    40.500     49.900     -0.207
    40.500     71.650     -0.255
    40.400    -76.000      0.166
    40.087    -75.117      0.031
    40.350    -74.100      0.046
    40.300    -76.900     -0.223
    40.200     44.400      0.558
    39.936    116.291      0.027
    40.040    -83.020      0.071
    40.100    -74.200     -0.002
    40.100    113.200     -0.158
    39.850    -86.200      0.010
    40.000     32.750     -0.013
    40.000     66.200      0.415
    40.000     66.400     -0.045
    39.789   -105.033      0.130
    39.900    -89.000     -0.156
    39.733    -84.233     -0.011
    39.800    -75.650      0.156
    39.750     66.900      0.434
    39.600   -119.800     -0.472
    39.320    -84.540      0.254
    39.340    -76.720     -0.013
    39.080    -94.680      0.005
    39.087    117.250     -0.216
    38.957    -77.129      0.143
    39.100    117.600      0.000
    39.100    125.700     -0.117
    39.000    121.500     -0.232
    38.900   -104.800      0.479
    38.900    115.450      0.425
    38.660   -121.400      0.602
    38.690    -90.390      0.257
    38.800     -9.250     -0.047
    38.600     68.700      0.133
    38.500     27.200     -0.179
    38.300    -85.750      0.142
    38.300    140.800      0.194
    38.133    114.467     -0.196
    38.067     23.667      0.114
    38.000   -122.400      0.275
    38.000   -122.100     -0.395
    38.000   -121.300     -0.295
    37.860    112.460      0.147
    37.750   -122.500      0.370
    37.700   -121.000     -0.236
    37.700    -97.400      0.611
    37.556    126.933      0.126
    37.600    -77.500      0.061
    37.600     15.000     -0.128
    37.600    121.300     -0.144
    37.600    126.600      0.092
    37.500    112.000      0.527
    37.360   -121.980     -0.523
    37.100    -76.400     -0.089
    37.100    114.450     -0.023
    36.850   -119.800      0.459
    36.875    -76.225      0.165
    36.750    117.950     -0.180
    36.800    137.000     -0.343
    36.700    101.700      0.156
    36.700    116.900      0.022
    36.600    136.600      0.143
    36.400     43.100     -0.176
    36.400     59.500     -0.124
    36.400    120.400      0.612
    36.400    127.300     -0.342
    36.350    139.200      0.307
    36.400    140.400     -0.134
    36.180   -115.220      0.193
    36.300    137.900     -0.469
    35.777    139.562      0.208
    36.150    -95.950      0.169
    36.200    -86.800     -0.243
    36.200    120.400     -0.050
    36.100    140.100      0.556
    35.900    -78.700     -0.233
    35.900    128.500      0.147
    35.750     51.350      0.567
    35.700    138.500      0.124
    35.650    140.100     -0.056
    35.600    129.300      0.408
    35.500    -97.600     -0.221
    35.224    136.838      0.363
    35.400   -119.100      0.545
    35.300    -80.900      0.453
    35.300    113.200      0.697
    35.200   -106.700      0.142
    35.133    -89.967     -0.103
    35.200     33.300     -0.549
    35.100    118.225      0.228
    35.200    128.950     -0.114
    35.100    -79.000      0.154
    34.780    135.500      0.265
    34.900    117.500     -0.648
    34.800    -92.300      0.155
    34.800    113.650      0.104
    34.800    134.900      0.106
    34.800    137.300     -0.143
    34.800    137.700     -0.101
    34.700    112.400     -0.201
    34.700    133.900      0.075
    34.650    135.700      0.260
    34.600    133.700      0.096
    34.500    132.400     -0.084
    34.350    108.825      0.219
    34.036   -118.033      0.315
    34.300    117.100      0.029
    33.929    -84.379      0.038
    34.000     35.600     -0.477
    33.900    132.700      0.068
    33.800   -116.400     -0.609
    33.800    113.200     -0.004
    33.533   -112.060      0.278
    33.700     73.000      0.568
    33.600     -7.700      0.045
    33.600     36.300     -1.145
    33.600    130.350      0.205
    33.600    133.500      0.465
    33.500    -94.100     -0.194
    33.367     44.333     -0.210
    33.200   -117.250     -0.477
    32.915    -97.000      0.085
    32.900     13.100      0.640
    32.900    130.700     -0.529
    32.767   -117.133      0.318
    32.700     51.600      0.520
    32.500    -99.800      0.119
    32.500    -93.800      0.571
    32.400    -90.200      0.056
    32.400    -86.300      0.164
    32.250   -111.000      0.122
    32.150     34.800      0.394
    32.100    112.100     -0.312
    32.067    118.767      0.197
    32.000     35.900      0.309
    31.900     47.100     -0.138
    31.900    117.200     -0.083
    31.900    120.500      0.053
    31.800   -106.450      0.541
    31.800    119.950      0.150
    31.650    120.250      0.034
    31.700    120.700      0.186
    31.600    -97.200      0.146
    31.533     74.267     -0.273
    31.500     73.000      0.114
    31.367    120.600      0.081
    31.240    121.405     -0.052
    31.400    120.950     -0.009
    30.700    104.000      0.150
    30.667    114.300      0.063
    30.600    117.000     -0.191
    30.500    -91.200     -0.143
    30.500    -87.300     -0.019
    30.350    -97.800     -0.244
    30.400    -81.650     -0.173
    30.300    120.300      0.056
    30.150     31.250     -3.848
    29.828    -95.417      0.195
    30.100    120.800      0.110
    30.100    121.100     -0.159
    30.000    -90.150      0.133
    29.950    121.550      0.105
    29.550    -98.550     -0.038
    29.600    106.450     -0.159
    28.675     77.162     -0.157
    28.600    -81.429      0.013
    28.700    115.900      0.134
    28.050    -82.800     -0.363
    28.033    -82.467     -0.016
    28.100    -80.700      0.078
    27.900    113.100     -0.377
    27.500    -82.600      0.048
    26.700    -81.900      0.053
    26.180    -80.273     -0.103
    26.500     50.000      0.978
    26.500     80.300     -0.062
    26.200    -81.800     -0.069
    26.100    119.250      0.093
    25.750   -100.400      0.297
    25.500     81.800      0.456
    25.450    119.000      0.030
    25.200     75.800      0.618
    25.100    102.600     -0.443
    25.050    121.200      0.041
    25.100    121.450      0.128
    24.933     67.033     -0.931
    24.800    118.500      0.081
    24.760     46.680      0.318
    24.200    120.600      0.761
    23.600    116.350      0.179
    23.533    116.633     -0.144
    23.018    113.145      0.023
    23.300     77.400      0.182
    23.300    116.350      0.270
    23.100     72.550     -0.272
    23.038    113.763     -0.173
    23.100    120.200      0.089
    22.800     75.800      0.302
    22.700     88.300      0.119
    22.800    113.800      0.004
    22.700    114.025      0.367
    22.700    110.100     -0.554
    22.700    120.300     -0.418
    22.400     73.100      0.347
    22.300    -97.900     -0.129
    22.200   -101.000     -0.104
    21.500     39.200     -0.001
    21.400   -158.000     -0.024
    21.100    105.800      0.432
    20.900    106.600      0.321
    20.700   -103.400      0.224
    19.443    -99.171      0.049
    19.200     72.800      0.018
    19.100    -98.300     -0.286
    18.600    -72.300     -0.869
    18.600     73.800      0.159
    17.467     78.433     -0.111
    16.900     96.100      0.029
    15.667     32.467     -0.168
    14.700    121.000      0.647
    13.833    100.500     -0.002
    13.050     80.150     -0.358
    13.000     77.550     -0.164
    12.400     -1.600      0.931
    10.900    106.700      0.300
    10.700    -71.700      0.385
    10.000    -84.100      0.473
     8.400    -62.700      0.218
     6.800     -1.700      0.014
     6.620      3.260      0.033
     6.400      5.600      0.236
     5.700     -0.250     -0.456
     5.600      5.700     -0.060
     5.400     -4.100      0.529
     5.400    100.400      0.443
     4.700    -74.200      1.087
     4.100      9.700     -0.017
     3.600     98.600      0.188
     3.100    101.575      0.051
     2.300    102.200     -0.305
     1.600    110.300      0.039
     1.400    103.850     -0.114
    -0.900    -78.700     -1.272
    -1.300    -48.500     -0.364
    -1.600    -78.700     -0.870
    -2.900    104.700     -0.188
    -3.000    -60.000     -0.316
    -3.700    -38.600      0.176
    -4.300     15.200      1.038
    -5.100    119.400     -0.208
    -6.207    106.800      0.160
    -6.800     39.200      0.762
    -7.100    -34.900      0.315
    -7.250    112.700      0.211
    -7.900    112.600      0.112
    -8.000    -35.000      0.675
    -8.800     13.200      0.260
   -11.960    -77.060     -0.171
   -12.200    -39.000     -0.377
   -12.900    -38.500      0.332
   -15.800    -48.100      0.027
   -16.600    -49.300      0.466
   -17.700    -63.200      0.421
   -17.800     31.000      0.195
   -19.700    -48.000     -0.282
   -19.867    -44.100      0.065
   -20.300    -40.400      0.097
   -20.400    -54.700     -0.110
   -22.300    -47.000      0.110
   -22.700    -47.700      0.235
   -22.700    -47.400      0.247
   -22.800    -47.175     -0.021
   -22.800    -43.375      0.071
   -22.800    -43.100      0.212
   -22.900    -43.700     -0.239
   -23.400    -47.500     -0.036
   -23.494    -46.625      0.168
   -23.900    -46.400      0.384
   -24.900    -53.500      0.127
   -25.300    -57.600     -0.104
   -25.400    -49.300      0.078
   -25.500     28.000      0.084
   -25.700     28.150      0.340
   -26.145     27.991      0.497
   -26.200     28.400      0.316
   -27.460    152.980      0.203
   -27.900    153.300      0.365
   -29.700    -51.200      0.057
   -29.900    -71.300     -0.443
   -29.950    -51.200     -0.120
   -31.350    -64.250      0.615
   -31.500    -68.550     -0.086
   -31.700    -52.400     -0.367
   -31.920    115.840      0.401
   -32.867    -68.867      0.151
   -32.900    151.600      0.215
   -33.000    -68.600     -0.624
   -33.425    -70.700      0.532
   -33.763    150.925      0.024
   -33.933     18.533      0.044
   -33.900     25.500     -1.170
   -34.100    -70.800      0.280
   -34.583    -58.617      0.245
   -34.800    -56.200      0.124
   -34.875    138.525      0.356
   -36.900    174.800      1.052
   -37.790    145.040      0.461
   -38.500    -58.800      0.340
   -38.700    -62.300     -0.049
   -38.900    -68.100      0.077
