    60.300     24.900      0.438
    59.980     30.300      0.608
    57.200     65.500      0.622
    57.100      9.900     -0.345
    57.000     24.050      0.144
    56.900     53.200      0.088
    56.900     60.550      0.720
    56.333     43.833      0.188
    56.200     10.100      0.324
    56.100     92.950      0.392
    55.800     37.564      0.706
    55.900     -4.300      0.220
    55.700     12.350     -0.176
    55.200     61.400      0.790
    55.100     82.900     -0.422
    55.000     -1.550      0.056
    55.000     73.350      0.487
    54.600     -1.300     -0.040
    53.800     -1.600      0.153
    53.600   -113.550      0.574
    53.600     10.000      0.483
    53.500     -3.000      0.083
    53.500     -2.250      0.402
    53.400     -6.300      0.845
    53.400     83.700      0.499
    53.300     34.300     -0.157
    53.300     50.200      0.252
    53.200     23.100      0.173
    53.100      8.800      0.081
    53.000     -1.200      0.900
    53.000     36.000     -0.169
    52.533     -2.000      0.462
    52.550     13.400      0.076
    52.500     16.900     -0.431
    52.400      4.600      0.081
    52.400      4.800     -0.289
    52.400      9.700     -0.076
    52.275     21.000      0.104
    52.200     11.600     -0.258
    52.100      4.300      0.073
    52.000      4.100      0.080
    52.000      4.500      0.196
    52.000      7.600     -0.124
    51.900      4.300      0.167
    51.800     19.400     -0.403
    51.800     36.100      0.118
    51.700     39.200      0.274
    51.550     -0.200      0.416
    51.260      6.904      0.037
    51.600      7.500     -0.399
    51.600     45.900      0.458
    51.500      5.400     -0.442
    51.400      6.100      0.132
    51.400     12.300      0.091
    51.267      4.333      0.019
    51.200     71.400      0.188
    51.067   -114.133      0.103
    51.100      3.700     -0.170
    51.100     13.700     -0.251
    50.900      4.350      0.052
    50.700      3.000     -0.148
    50.700      5.500     -0.255
    50.500      3.800     -0.424
    50.500     30.450      0.220
    50.400     18.850      0.278
    50.300     19.100     -0.454
    50.133      8.417     -0.083
    50.100     14.450      0.486
    50.100     15.700      0.114
    50.100     18.400      0.252
    50.100     19.900     -0.335
    50.000     36.200      0.531
    49.900    -97.200     -0.092
    49.900     18.250      0.091
    49.900     18.500     -0.572
    49.900     24.000      0.182
    49.450      1.000     -0.065
    49.500      8.300      0.651
    49.500      8.500      0.005
    49.450     11.000      0.331
    49.350      6.100     -0.081
    49.350      6.750     -0.008
    49.260   -123.020      0.244
    49.100      8.300      0.610
    48.892      2.315      0.663
    49.000     38.400      0.122
    48.850      9.200      0.338
    48.800     44.500      0.677
    48.600      7.700     -0.113
    48.600     12.100     -0.283
    48.600     38.600      0.028
    48.500   -123.400      0.450
    48.500     35.000      0.710
    48.400     38.000     -0.479
    48.267     16.333      0.507
    48.200     11.450      0.101
    48.200     17.100      0.175
    48.200     33.500      0.272
    48.075     37.750     -0.036
    47.950     33.350     -0.168
    47.900   -122.300      0.288
    47.900     35.050      0.162
    47.450   -122.367      0.659
    47.700   -122.200     -0.193
    47.700   -117.300      0.061
    47.525     19.075      0.193
    47.500     -0.600     -0.377
    47.400      8.500      0.112
    47.400    123.900      0.109
    47.300     39.650     -0.173
    47.200   -122.600      0.442
    47.200     37.500     -0.816
    47.100     15.400     -0.192
    46.900    -71.300      0.272
    46.400     48.000     -0.341
    46.300   -119.250      0.247
    45.800      4.850      0.317
    45.800    126.650      0.171
    45.600   -122.643      0.575
    45.700      8.750     -0.297
    45.586      9.143      0.709
    45.583    -73.700      0.059
    45.450    -75.750      0.539
    45.008    -93.317      0.229
    45.100      7.550     -0.132
    45.100     38.900      0.194
    45.100     41.900      0.181
    44.900     -0.650     -0.074
    44.500     26.050      0.468
    44.300    -88.500     -0.020
    44.100   -123.100      0.055
    44.000      4.800     -0.016
    43.780    -79.540     -0.048
    43.900     11.100      0.297
    43.900    125.250      0.267
    43.900    126.500      0.463
    43.333     76.867      0.507
    43.100    -88.050     -0.288
    43.200    -77.700     -0.108
    43.133    141.333      0.210
    43.100    -89.500      0.067
    43.100    -76.200      0.468
    43.000    -85.700     -0.573
    43.000    -82.500     -0.133
    43.000    -78.850     -0.112
    42.800    -84.600      0.066
    42.800    -71.500      0.028
    42.496    -83.235     -0.068
    42.700    -73.800      0.250
    42.480    -71.200      0.039
    42.400    -71.600      0.069
    42.300    -89.100     -0.008
    42.300    -71.800     -0.095
    41.869    -87.894      0.029
    42.200    -72.600      0.200
    42.200     24.700      0.109
    41.850    -71.500     -0.212
    41.900     12.400      0.121
    41.900     59.900     -0.031
    41.833    123.367     -0.344
    41.900    123.850     -0.442
    41.800    -72.700      0.203
    41.700    -83.650     -0.094
    41.600    -88.200     -0.064
    41.520    -81.720      0.096
    41.600      2.050     -0.422
    41.400      2.000      0.576
    41.367     69.233      0.771
    41.300    -96.050      0.104
    41.300    -73.100     -0.041
    41.200     -8.600      0.202
    41.200    122.000     -0.160
    41.200    122.950     -0.153
    41.100    -80.700      0.002
    40.814    -74.010      0.101
    41.100     28.600     -0.015
    41.033     29.050     -0.211
    40.933     14.350      0.304
    40.700   -111.975     -0.195
    40.800     72.300     -0.126
    40.800    120.800     -0.372
    40.700    -75.400      0.105
    40.700    109.750      0.245
    40.600   -105.100      0.089
    40.567     70.900     -0.328
    40.467    -80.000     -0.111
    40.450     -3.750      0.217
    40.500     49.900     -0.243
    40.500     71.650      0.001
    40.400    -76.000      0.526
    40.087    -75.117     -0.168
    40.350    -74.100     -0.270
    40.300   -111.700      0.678
    40.300    -76.900     -0.054
    40.200     44.400      0.608
    39.936    116.291      0.112
    40.040    -83.020     -0.044
    40.100    -74.200     -0.356
    40.100    113.200      0.332
    40.000     32.750      0.249
    40.000     66.200     -0.432
    40.000     66.400     -0.200
    39.789   -105.033     -0.061
    39.900    -89.000     -0.087
    39.820    -86.220      0.069
    39.750    -84.250     -0.117
    39.800    -75.650     -0.193
    39.750     66.900     -0.111
    39.700    118.100      0.313
    39.600   -119.800     -0.862
    39.320    -84.540     -0.128
    39.340    -76.720      0.059
    39.080    -94.680      0.360
    39.100    117.256     -0.445
    39.100    117.600      0.146
    39.100    125.700     -1.139
    38.943    -77.086     -0.086
    39.000    121.500      0.905
    38.900   -104.800     -0.072
    38.900    115.450      0.169
    38.660   -121.400      0.162
    38.690    -90.390     -0.202
    38.800     -9.250     -0.076
    38.600     68.700     -0.013
    38.500     27.200      0.169
    38.300    -85.750     -0.056
    38.300    140.800     -0.058
    38.133    114.467     -0.018
    38.067     23.667     -0.368
    38.000   -122.400     -0.051
    38.000   -122.100     -0.454
    38.000   -121.300      0.046
    37.860    112.460      0.218
    37.750   -122.500     -0.761
    37.700   -121.000      0.212
    37.700    -97.400      0.189
    37.614    126.971      0.322
    37.600    -77.500      0.105
    37.600     15.000      0.096
    37.600    121.300     -0.743
    37.600    126.600     -0.279
    37.500    112.000     -0.011
    37.360   -121.980     -0.278
    37.300    127.000     -0.093
    37.100    -76.400     -0.398
    37.100    114.450      0.089
    36.850   -119.800      0.125
    36.875    -76.225     -0.027
    36.750    117.950      0.200
    36.800    137.000     -0.620
    36.700    101.700      0.262
    36.700    116.900      0.056
    36.600    136.600      0.545
    36.400     43.100     -0.484
    36.400     59.500      0.410
    36.400    120.350      0.191
    36.400    127.300     -0.314
    36.350    139.200      0.232
    36.400    140.400      0.059
    36.180   -115.220     -0.397
    36.300    137.900     -0.173
    35.771    139.598      0.344
    36.150    -95.950      0.100
    36.200    -86.800      0.119
    36.200    120.400     -0.418
    36.100    140.100      0.065
    35.900    -78.700      0.325
    35.900    128.500     -0.048
    35.750     51.350      0.007
    35.700    138.500      0.108
    35.600    129.300      0.153
    35.500    -97.600      0.274
    35.224    136.838      0.134
    35.400   -119.100      0.345
    35.300    -80.900     -0.352
    35.300    113.200     -0.094
    35.200   -106.700      0.347
    35.133    -89.967     -0.225
    35.200     33.300     -0.534
    35.100    118.225      0.235
    35.200    128.950      0.289
    35.100    -79.000     -0.152
    34.780    135.500      0.282
    34.900    117.500     -0.679
    34.800    -92.300      0.507
    34.800    113.650      0.537
    34.800    134.900     -0.287
    34.800    137.300     -0.237
    34.800    137.700      0.189
    34.700    112.400     -0.067
    34.700    133.900      0.226
    34.650    135.700      0.214
    34.600    133.700      0.351
    34.500    132.400      0.129
    34.350    108.825      0.322
    34.036   -118.033      0.232
    34.300    117.150     -0.395
    33.929    -84.379      0.084
    34.100    -81.000     -0.077
    34.000     35.600      0.822
    34.000    118.200      0.232
    33.900    132.700      0.125
    33.800   -117.000      0.452
    33.800   -116.400     -0.943
    33.800    113.200      0.122
    33.541   -112.094     -0.009
    33.700     73.000     -0.207
    33.600     -7.700      0.017
    33.600     36.300     -0.336
    33.600    130.350      0.029
    33.600    133.500     -0.308
    33.500    -94.100     -0.342
    33.367     44.333      0.773
    33.400    120.100      0.282
    33.200   -117.250      0.157
    32.915    -97.000      0.233
    33.000    117.300      0.183
    32.760   -117.100     -0.328
    32.900     13.100      0.071
    32.900    130.700     -0.055
    32.700     51.600      0.699
    32.500    -99.800     -0.202
    32.500    -93.800      0.038
    32.400    -90.200     -0.256
    32.400    -86.300      0.140
    32.250   -111.000      0.259
    32.150     34.800     -0.382
    32.100    112.100      0.420
    32.067    118.767     -0.095
    32.000     35.900      0.103
    32.000    120.200      0.626
    31.900     47.100      0.340
    31.867    117.233      0.160
    31.900    120.450      0.197
    31.800   -106.450     -0.199
    31.536    120.343     -0.028
    31.700     -8.100     -0.134
    31.700    120.700      0.006
    31.600    -97.200     -0.404
    31.533     74.267     -0.139
    31.500     73.000      0.841
    31.258    121.346      0.116
    30.717    103.983      0.401
    30.667    114.300      0.072
    30.500    -91.200      0.260
    30.500    -87.300     -0.104
    30.350    -97.800     -0.195
    30.400    -81.650     -0.220
    30.278    120.267      0.241
    30.150     31.250      0.537
    29.805    -95.410      0.195
    30.100    121.100     -0.248
    30.000    -90.150      0.009
    29.950    121.550      0.100
    29.633    106.467      0.318
    29.550    -98.550      0.398
    28.675     77.162      0.227
    28.600    -81.429     -0.079
    28.700    115.900     -0.015
    28.050    -82.800     -0.333
    28.033    -82.467     -0.162
    28.100    -80.700     -0.542
    27.900    113.100      0.191
    27.500    -82.600     -0.011
    26.700    -81.900      0.247
    26.180    -80.273      0.086
    26.500     50.000     -0.647
    26.500     80.300      0.752
    26.300    127.700     -0.056
    26.200    -81.800     -0.322
    26.100    119.250      0.265
    25.750   -100.400      0.194
    25.500     81.800      0.302
    25.450    119.000     -0.203
    25.300     55.300      0.504
    25.200     75.800     -0.231
    25.100    102.650      0.164
    25.050    121.200      0.086
    25.100    121.450     -0.326
    24.933     67.033     -0.857
    24.833    118.500      0.353
    24.760     46.680     -0.116
    24.250    120.600     -0.363
    23.567    116.517      0.216
    23.018    113.145      0.255
    23.300     77.400     -0.009
    23.300    116.350     -0.191
    23.100     72.550     -0.667
    23.038    113.763      0.273
    23.100    120.200     -0.163
    22.800     75.800      0.900
    22.700     88.300      0.184
    22.800    113.800     -0.058
    22.700    114.025      0.113
    22.800    114.300      0.528
    22.700    110.100     -0.247
    22.700    120.300     -0.497
    22.400     73.100     -1.098
    22.300    -97.900     -0.366
    22.200   -101.000      0.223
    21.500     39.200      0.046
    21.400   -158.000     -0.226
    21.100    105.800      0.379
    20.900    106.600      0.096
    20.700   -103.400     -0.127
    19.443    -99.171     -0.164
    19.200     72.800      0.273
    19.100    -98.300      0.558
    18.600    -72.300     -2.032
    18.600     73.800     -0.745
    17.467     78.433     -0.074
    16.900     96.100      0.477
    15.667     32.467     -0.544
    14.700    121.000      0.797
    13.836    100.500      0.098
    13.050     80.150     -0.045
    13.000     77.550      0.412
    12.700     -8.000     -0.367
    12.400     -1.600      1.132
    10.900    106.675      0.727
    10.700    -71.700     -0.460
    10.000    -84.100      0.664
     8.400    -62.700      0.732
     6.750     -1.700      0.789
     6.620      3.260      0.270
     6.400      5.600     -0.190
     5.700     -0.250     -0.236
     5.600      5.700     -0.313
     5.400     -4.100      0.312
     5.400    100.400      0.265
     4.700    -74.200      1.128
     4.100      9.700      0.105
     3.600     98.600      0.517
     3.100    101.575      0.124
     2.300    102.200      0.663
     1.475    103.800      0.240
     1.600    110.300      0.185
     0.400     32.500      1.066
    -0.900    -78.700      0.190
    -1.300    -48.500      0.193
    -1.600    -78.700     -1.061
    -2.900    104.700     -0.360
    -3.000    -60.000     -0.498
    -3.700    -38.600     -0.458
    -4.250     15.200      0.999
    -5.100    119.400      0.595
    -6.207    106.780      0.236
    -6.800     39.200      0.551
    -7.100    -34.900      0.858
    -7.250    112.700      0.458
    -7.900    112.600     -0.063
    -8.000    -35.000      0.258
    -8.300    113.500     -0.433
    -8.800     13.200      0.430
   -11.960    -77.060      0.275
   -12.200    -39.000     -0.523
   -12.900    -38.500      0.451
   -15.800    -48.100     -0.043
   -16.600    -49.300      0.217
   -17.800     31.000     -0.309
   -19.700    -48.000      0.652
   -19.867    -44.100      0.215
   -20.300    -40.400      0.588
   -20.400    -54.700     -0.048
   -22.300    -47.000     -0.405
   -22.700    -47.700      0.090
   -22.700    -47.400      0.180
   -22.800    -47.175     -0.022
   -22.780    -43.400      0.051
   -22.800    -43.100     -0.159
   -23.400    -47.500      0.229
   -23.494    -46.625      0.088
   -23.900    -46.400      0.130
   -24.900    -53.500     -0.237
   -25.300    -57.600      0.235
   -25.400    -49.300      0.250
   -25.500     28.000      0.288
   -25.700     28.150      0.943
   -26.145     27.991      1.156
   -26.200     28.400     -0.709
   -27.460    152.980      0.515
   -27.900    153.300      0.501
   -29.700    -51.200      0.600
   -29.900    -71.300     -0.458
   -29.950    -51.200      0.106
   -31.350    -64.250     -0.088
   -31.500    -68.550      1.110
   -31.700    -52.400      0.260
   -31.920    115.840     -0.068
   -32.867    -68.867      0.615
   -32.900    151.600      0.239
   -33.000    -68.600      0.019
   -33.425    -70.700      0.615
   -33.763    150.925      0.459
   -33.933     18.533      0.378
   -33.900     25.500      0.404
   -34.100    -70.800     -0.091
   -34.573    -58.609      0.440
   -34.840    138.540      0.623
   -34.800    -56.200     -0.267
   -36.900    174.800      0.939
   -37.790    145.040      0.683
   -38.700    -62.300     -0.069
   -38.900    -68.100      0.074
