    60.300     24.900      0.359
    59.967     30.317      0.277
    57.200     65.500     -0.102
    57.100      9.900     -0.078
    57.000     24.050     -0.010
    56.900     53.200     -0.012
    56.900     60.550     -0.114
    56.350     43.800      0.134
    56.200     10.100      0.164
    56.100     92.950      0.016
    55.800     37.564      0.462
    55.900     -4.300     -0.155
    55.700     12.350     -0.140
    55.200     61.400      0.185
    55.100     82.900     -0.124
    55.000     -1.550      0.266
    55.000     73.350     -0.070
    54.600     -1.300      0.478
    54.400     18.600     -0.130
    53.800     -1.600      0.175
    53.600   -113.550     -0.025
    53.600     10.000     -0.206
    53.500     -3.000      0.002
    53.500     -2.250      0.067
    53.400     -6.350     -0.119
    53.400     83.700      0.210
    53.300     34.300      0.170
    53.300     50.200      0.204
    53.200     23.100      0.207
    53.100      8.800      0.041
    53.000     -1.200     -0.207
    53.000     36.000     -0.060
    52.800     41.400     -0.016
    52.533     -2.000      0.480
    52.550     13.400      0.221
    52.500     16.900      0.133
    52.400      4.600     -0.053
    52.400      4.800     -0.103
    52.400      9.700      0.095
    52.300     21.000      0.046
    52.200     11.600      0.127
    52.100     -0.800     -0.050
    52.100      4.300      0.244
    52.000      4.567     -0.023
    52.000      4.100     -0.191
    52.000      7.600     -0.132
    51.900      4.300     -0.404
    51.800     19.450      0.301
    51.800     36.100     -0.125
    51.700      4.800     -0.006
    51.700     39.200      0.171
    51.555     -0.191      0.375
    51.260      6.904     -0.022
    51.600      7.500     -0.132
    51.600     45.900     -0.140
    51.500      0.300     -0.024
    51.500      5.400     -0.236
    51.400      6.100     -0.222
    51.400     12.300      0.058
    51.267      4.333      0.181
    51.200     71.400      0.241
    51.067   -114.133      0.757
    51.100      3.700      0.297
    51.100     13.700     -0.161
    50.900      4.350      0.000
    50.700      3.000     -0.163
    50.700      5.500     -0.188
    50.500      2.900      0.156
    50.500      3.800      0.017
    50.500      4.400     -0.150
    50.500     30.450      0.098
    50.400     18.850      0.108
    50.300     19.100     -0.166
    50.133      8.417      0.329
    50.100     14.450      0.280
    50.100     15.700     -0.019
    50.100     18.400     -0.270
    50.100     19.900      0.441
    50.000     36.200      0.407
    49.900    -97.200      0.087
    49.900     18.250      0.037
    49.900     18.500      0.019
    49.900     23.950      0.475
    49.450      1.000     -0.058
    49.500      8.400      0.247
    49.450     11.000      0.070
    49.350      6.100     -0.017
    49.350      6.750     -0.085
    49.260   -123.020      0.091
    49.100      8.300     -0.117
    48.892      2.315      0.549
    49.000     38.400      0.292
    48.850      9.200      0.340
    48.800     44.500      0.144
    48.600      7.700      0.395
    48.600     12.100      0.000
    48.600     38.600     -0.193
    48.500   -123.400      0.162
    48.500     35.000      0.806
    48.300     14.200      0.444
    48.267     16.333      0.378
    48.200     11.450      0.243
    48.200     17.100      0.133
    48.200     33.500     -0.044
    48.075     37.750      0.264
    47.950     33.350      0.183
    47.900   -122.300      0.375
    47.900     35.100      0.264
    47.450   -122.367      0.274
    47.700   -122.200      0.151
    47.700   -117.300      0.234
    47.525     19.075     -0.000
    47.500     -0.600      0.295
    47.400      8.500      0.366
    47.400    123.900      0.171
    47.300     39.650     -0.401
    47.200   -122.600      0.186
    47.200     37.500     -0.020
    47.100     15.400     -0.310
    47.000      7.400     -0.249
    46.900    -71.350     -0.086
    46.400     48.000     -0.008
    46.300   -119.250     -0.189
    45.800      4.850      0.672
    45.767    126.633      0.040
    45.600   -122.643      0.359
    45.700      8.750      0.177
    45.586      9.143      0.188
    45.583    -73.700      0.187
    45.450    -75.750     -0.109
    45.008    -93.317      0.136
    45.100      7.550      0.181
    45.100     41.900      0.128
    44.900     -0.650     -0.013
    44.500     12.200     -0.403
    44.500     26.050      0.829
    44.300    -88.500      0.091
    44.100   -123.100      0.429
    44.000      4.800     -0.615
    43.933    125.267      0.009
    43.783    -79.542      0.118
    43.900    -79.100      0.304
    43.900     11.100     -0.168
    43.900    126.500      0.057
    43.600    -80.300     -0.099
    43.500    -84.000      0.152
    43.333     76.867      0.386
    43.100    -88.050     -0.003
    43.200    -77.700     -0.031
    43.133    141.333      0.338
    43.100    -76.200     -0.091
    43.000    -85.700      0.277
    43.000    -82.500      0.160
    43.000    -81.300      0.018
    43.000    -78.850     -0.329
    42.800    -84.600     -0.026
    42.800    -71.500     -0.277
    42.508    -83.244     -0.086
    42.700    -73.800      0.153
    42.480    -71.200      0.050
    42.300    -89.100     -0.399
    41.877    -87.917     -0.023
    42.200    -72.600      0.039
    42.200     24.700      0.005
    41.850    -72.700     -0.189
    41.850    -71.500      0.301
    41.900     12.400     -0.020
    41.900     59.900     -0.661
    41.825    123.325      0.161
    41.900    123.800     -0.267
    41.700    -83.650      0.055
    41.600    -88.200     -0.092
    41.520    -81.720     -0.086
    41.600      2.000     -0.158
    41.400      2.000      0.659
    41.367     69.233      0.314
    41.300    -96.050     -0.118
    41.300    -73.100      0.415
    41.233    123.000      0.083
    41.200     -8.600     -0.411
    41.200    122.000     -0.499
    41.100    -80.700     -0.074
    40.814    -74.010      0.151
    41.100     28.600     -0.100
    41.033     29.050     -0.197
    40.933     14.350      0.161
    40.700   -111.975     -0.144
    40.800     72.300      0.148
    40.800    120.800     -0.102
    40.700    -75.400     -0.324
    40.700    109.750     -0.085
    40.600   -105.100     -0.029
    40.575     70.950      0.044
    40.467    -80.000      0.066
    40.450     -3.750      0.550
    40.500     49.900      0.003
    40.500     71.650      0.295
    40.400    -76.000     -0.480
    40.350    -74.100      0.031
    40.300    -76.900      0.172
    40.074    -75.135      0.150
    40.200     44.400      0.249
    39.958    116.304      0.195
    40.040    -83.020      0.154
    40.100    -74.200      0.338
    40.100    113.200      0.152
    39.850    -86.200      0.277
    40.000     32.750      0.135
    40.000     66.200     -0.560
    40.000     66.400     -0.528
    40.000    119.500     -0.165
    39.770   -105.030      0.179
    39.900    -89.000     -0.098
    39.780    -84.200      0.175
    39.800   -121.900      0.238
    39.767    -75.667      0.040
    39.750     66.900     -0.093
    39.700    118.150     -0.098
    39.600   -119.800      0.221
    39.320    -84.540     -0.063
    39.340    -76.720      0.149
    39.080    -94.680      0.093
    39.108    117.262     -0.279
    39.100    125.700      0.193
    38.943    -77.086     -0.184
    39.000    121.500     -0.151
    38.900   -104.800      0.317
    38.900    115.450      0.152
    38.660   -121.400      0.050
    38.691    -90.409     -0.029
    38.800     -9.250      0.177
    38.600     68.700      0.362
    38.500     27.200      0.566
    38.300    -85.750     -0.178
    38.300    140.800      0.129
    38.133    114.467      0.020
    38.067     23.667      0.166
    38.000   -122.400      0.322
    38.000   -122.100      0.303
    38.000   -121.300      0.174
    37.850    112.475      0.556
    37.750   -122.500     -0.032
    37.700   -121.000      0.016
    37.700    -97.400      0.202
    37.583    126.900     -0.092
    37.600   -122.100      0.163
    37.600    -77.500     -0.229
    37.600     15.000      0.797
    37.600    121.300     -0.170
    37.500    112.000      0.674
    37.360   -121.980     -0.187
    37.100    -76.400      0.153
    37.100    114.450     -0.330
    36.850   -119.800      0.530
    36.880    -76.260      0.054
    36.750    117.950      0.561
    36.800    137.000     -0.177
    36.700    101.700     -0.134
    36.700    114.500     -0.105
    36.700    116.950     -0.133
    36.700    119.100      0.048
    36.600    136.600     -0.171
    36.400     43.100     -0.238
    36.400     59.500      0.068
    36.400    120.350     -0.061
    36.400    127.300      0.207
    36.333    139.211      0.251
    36.400    140.400      0.161
    36.200   -115.217     -0.232
    36.300    137.900      0.184
    35.766    139.617      0.258
    36.133    -95.967      0.145
    36.200    -86.800     -0.216
    36.200    120.400      0.016
    36.100    140.100      0.021
    35.900    -78.700      0.526
    35.900    128.500     -0.393
    35.750     51.350      0.135
    35.700    138.500      0.092
    35.550    -97.600     -0.484
    35.600    129.300     -0.139
    35.232    136.841      0.157
    35.400   -119.100      1.037
    35.300    -80.900     -0.017
    35.300    113.200      0.500
    35.300    115.400      0.026
    35.300    128.600      0.072
    35.200   -106.700     -0.224
    35.133    -89.967     -0.015
    35.200     33.300     -0.350
    35.120    118.240      0.283
    35.200    128.950     -0.160
    35.100    -79.000     -0.124
    34.743    135.529      0.267
    34.900    117.500     -0.192
    34.800    -92.300     -0.232
    34.800    113.600      0.110
    34.800    134.900      0.254
    34.800    137.300      0.103
    34.800    137.700      0.131
    34.700    112.400      0.176
    34.700    133.900     -0.203
    34.600    133.700      0.135
    34.500    132.400     -0.427
    34.350    108.825      0.137
    34.036   -118.033      0.299
    34.300    117.150     -0.205
    33.938    -84.377     -0.018
    34.100    -81.000     -0.465
    34.000    118.200      0.495
    33.900    130.700     -0.028
    33.900    132.700     -0.035
    33.800   -117.000     -0.436
    33.800   -116.400     -0.822
    33.800    113.200      0.566
    33.518   -112.059     -0.512
    33.700     73.000      0.069
    33.600     -7.700      0.214
    33.600     36.300      0.534
    33.600    130.350     -0.067
    33.600    133.500     -0.146
    33.500    -94.100     -0.504
    33.367     44.333      0.097
    33.400    120.100     -0.297
    33.200   -117.250      0.280
    32.926    -97.009     -0.010
    33.000    117.300      0.094
    32.760   -117.100      0.694
    32.900     13.100      0.313
    32.900    130.700     -0.199
    32.700     51.600     -0.590
    32.700    117.000      0.028
    32.500    -99.800     -0.511
    32.500    -93.800      0.202
    32.400    -90.200      0.198
    32.400    -86.300      0.028
    32.250   -111.000      0.361
    32.150     34.800      0.233
    32.200    119.400      0.223
    32.100    112.100     -0.043
    32.067    118.767     -0.105
    32.050    120.850      0.184
    32.000     35.900      0.220
    32.000    120.200     -0.038
    31.933    120.433     -0.056
    31.900     47.100      0.385
    31.867    117.233     -0.048
    31.406    120.862      0.051
    31.800   -106.450     -0.108
    31.700     -8.100     -0.274
    31.700    120.700     -0.200
    31.600    -97.200      0.284
    31.533     74.267     -0.242
    31.500     73.000      0.075
    30.900    104.200      0.186
    30.717    103.983      0.253
    30.800    120.700     -0.076
    30.667    114.300      0.041
    30.700    120.500     -0.300
    30.500    -91.200     -0.196
    30.500    -87.300      0.675
    30.285    120.292      0.179
    30.350    -97.800      0.250
    30.375    -81.600      0.046
    30.300    121.200      0.308
    30.150     31.250     -1.463
    29.805    -95.410      0.117
    30.100    121.100     -0.039
    30.000    -90.150     -0.101
    29.950    121.550     -0.036
    29.633    106.467      0.207
    29.550    -98.550      0.436
    28.655     77.155      0.311
    28.600    -81.429      0.075
    28.700    115.850      0.058
    28.550    121.450     -0.068
    28.050    -82.800      0.101
    28.200    112.900     -0.059
    28.033    -82.467     -0.122
    28.100    -81.800      0.313
    28.100    -80.700      0.225
    27.600    120.500      0.063
    27.500    -82.600     -0.345
    27.000     75.700      0.964
    26.700    -81.950      0.147
    26.212    -80.275      0.026
    26.500     50.000     -0.357
    26.500     80.300      0.176
    26.300    127.700      0.263
    26.200    -81.800     -0.137
    26.100    119.250      0.244
    25.750   -100.400      0.510
    25.500     81.800     -0.192
    25.450    119.000      0.066
    25.300     55.300     -0.264
    25.200     75.800      0.353
    25.067    102.667      0.359
    25.050    121.200      0.318
    25.100    121.450     -0.076
    24.933     67.033      1.159
    24.833    118.500     -0.013
    24.760     46.680      0.188
    24.600    117.900     -0.149
    24.250    120.600     -0.083
    23.587    116.550     -0.247
    23.000    113.148      0.058
    23.300     77.400     -0.765
    23.300    116.350      0.136
    23.056    113.744      0.160
    23.100     72.550      0.017
    23.100    120.200      0.364
    22.800     75.800      0.555
    22.700     88.300     -0.178
    22.750    113.800     -0.196
    22.700    114.025     -0.041
    22.800    114.300     -0.045
    22.700    110.100     -0.204
    22.700    120.300     -0.618
    22.300    -97.900      0.146
    22.200   -101.000     -0.108
    21.500     39.200     -1.805
    21.400   -158.000      0.072
    21.300     81.600     -0.175
    21.200     72.800      0.024
    21.100    105.800     -0.182
    20.900    106.600      0.037
    20.700   -103.400      0.046
    19.700    -99.200     -0.151
    19.443    -99.171      0.253
    19.100    -98.300      0.348
    18.600    -72.300     -1.385
    18.600     73.800      0.447
    17.450     78.450      0.045
    16.900     96.100      0.116
    15.667     32.467      0.178
    14.700    121.000      0.628
    13.833    100.483     -0.130
    13.067     80.133     -0.395
    13.000     77.550     -0.854
    12.700     -8.000      0.014
    12.400     -1.600      0.716
    10.900    106.675      0.451
    10.700    -71.700      0.505
    10.000    -84.150      0.374
     8.400    -62.700      0.519
     7.400      3.850      0.843
     7.200      3.300     -0.307
     6.750     -1.700      1.316
     6.620      3.260      0.135
     6.700      3.500      0.042
     6.400      5.600      0.263
     5.700     -0.200     -0.051
     5.600      5.700      0.041
     5.400     -4.050      0.152
     5.400    100.400      0.243
     4.850      7.050      0.093
     4.750    -74.150      0.538
     4.100      9.700      0.027
     3.600     98.650      0.636
     3.111    101.589      0.034
     2.300    102.200      0.434
     1.475    103.800      0.118
     1.600    110.300      0.332
     0.400     32.500      0.813
    -0.900    -78.700     -0.360
    -1.300    -48.500     -0.362
    -1.600    -78.700     -0.179
    -2.900    104.700      0.070
    -3.000    -60.000     -0.364
    -3.700    -38.600      0.523
    -4.250     15.200      1.819
    -5.100    119.400      0.075
    -6.206    106.769      0.216
    -6.300    107.300      0.006
    -6.800     39.200      0.678
    -6.900    107.600     -0.069
    -7.100    -34.900      0.318
    -7.250    112.700      0.172
    -7.900    112.600     -0.020
    -8.000    -35.000     -0.047
    -8.800     13.200     -0.640
   -11.960    -77.060      0.192
   -12.200    -39.000     -0.265
   -12.900    -38.500      1.516
   -15.800    -48.100      0.308
   -16.650    -49.300     -0.159
   -17.800     31.000      0.025
   -19.700    -48.000     -0.185
   -19.867    -44.100      0.189
   -20.300    -40.400     -0.277
   -20.400    -54.700      0.133
   -22.300    -47.000     -0.275
   -22.700    -47.700      0.242
   -22.700    -47.400      0.574
   -22.820    -47.160     -0.104
   -22.780    -43.400     -0.104
   -22.800    -43.100      0.293
   -22.900    -43.700     -0.299
   -23.400    -47.500     -0.137
   -23.500    -46.607      0.092
   -23.900    -46.400      0.203
   -24.900    -53.500     -0.101
   -25.300    -57.600      0.249
   -25.400    -49.300     -0.000
   -25.500     28.000     -0.082
   -25.700     28.150      0.782
   -26.133     27.983      0.907
   -26.200     28.400      0.079
   -27.460    152.980      0.561
   -27.900    153.300      0.498
   -29.700    -51.200      0.088
   -29.900    -71.300      0.014
   -29.950    -51.200     -0.158
   -31.350    -64.250      0.301
   -31.500    -68.550     -0.396
   -31.700    -52.400     -0.122
   -31.920    115.840      0.554
   -32.867    -68.867      1.122
   -32.900    151.600      0.088
   -33.000    -68.600      0.426
   -33.425    -70.700      0.897
   -33.763    150.925      0.121
   -33.933     18.533      0.467
   -33.900     25.500      1.026
   -34.100    -70.800     -0.208
   -34.573    -58.609      0.483
   -34.840    138.540      0.620
   -34.800    -56.250      0.420
   -36.900    174.800      0.863
   -37.773    145.036      0.213
   -38.500    -58.800      0.518
   -38.700    -62.300      0.142
   -38.900    -68.100     -0.020
