    60.300     24.900      0.139
    59.980     30.300      0.630
    57.200     65.500      0.330
    57.100      9.900     -0.006
    57.000     24.050      0.130
    56.900     53.200      0.031
    56.900     60.550      0.363
    56.350     43.800      0.546
    56.200     10.100      0.456
    56.100     92.950      0.227
    55.800     37.564      0.253
    55.900     -4.300      0.046
    55.700     12.350     -0.618
    55.200     61.400      0.519
    55.100     82.900      0.084
    55.000     -1.550      0.522
    55.000     73.350      0.434
    54.600     -1.300      0.296
    53.800     -1.600     -0.122
    53.600   -113.550      0.026
    53.600     10.000     -0.051
    53.500     -3.000      0.059
    53.500     -2.250      0.113
    53.400     -6.300      0.347
    53.400     83.700      0.265
    53.300     34.300     -0.040
    53.300     50.200     -0.230
    53.200     23.100      0.030
    53.100      8.800      0.782
    53.000     -1.200     -0.263
    52.533     -2.000      0.552
    52.550     13.400      0.140
    52.500     16.900      0.002
    52.400      4.600      0.066
    52.400      4.800     -0.088
    52.400      9.700      0.211
    52.275     21.000      0.027
    52.200     11.600      0.014
    52.100      4.300     -0.113
    52.000      4.100      0.187
    51.950      4.550     -0.116
    52.000      7.600      0.163
    51.900      4.300      0.194
    51.800     19.400      0.711
    51.800     36.100      0.301
    51.700      4.800      0.788
    51.700     39.200     -0.138
    51.550     -0.200      0.240
    51.246      6.908      0.128
    51.550      7.500     -0.327
    51.600     45.900      0.100
    51.500      0.300     -0.282
    51.500      5.400      0.044
    51.400      6.100     -0.044
    51.400     12.300      0.403
    51.267      4.333      0.029
    51.200     71.400      0.401
    51.067   -114.133      0.408
    51.100      3.700     -0.709
    51.100     13.700     -0.171
    50.900      4.350      0.327
    50.700      3.000     -0.275
    50.700      5.500      0.141
    50.500      3.800     -0.341
    50.500      4.400     -0.456
    50.500     30.450     -0.255
    50.400     18.850      0.184
    50.300     19.100     -0.241
    50.133      8.417      0.052
    50.100     14.450      0.090
    50.100     15.700     -0.141
    50.100     18.400     -0.275
    50.100     19.900      0.125
    50.000     36.200      0.151
    49.900    -97.200     -0.209
    49.900     18.250      0.035
    49.900     18.500      0.045
    49.900     24.000      0.042
    49.500      1.000     -0.075
    49.500      8.300      0.123
    49.500      8.500      0.197
    49.450     11.000     -0.089
    49.400      6.100      0.279
    49.350      6.750     -0.081
    49.250   -123.150     -0.155
    49.250   -122.900      0.088
    49.100      8.300      0.016
    48.892      2.315      0.455
    49.000     38.400     -0.185
    48.850      9.200     -0.053
    48.800     44.500      0.118
    48.600      7.700      0.760
    48.600     12.100      0.031
    48.600     38.600     -0.350
    48.500   -123.400     -0.463
    48.500     35.000      0.491
    48.400     38.000     -0.071
    48.267     16.333      0.549
    48.200     11.450     -0.049
    48.200     17.100     -0.009
    48.200     33.500      0.074
    48.075     37.750     -0.347
    47.950     33.350      0.159
    47.900   -122.300      0.533
    47.900     35.100      0.335
    47.450   -122.367      0.741
    47.700   -122.200     -0.099
    47.700   -117.300     -0.298
    47.525     19.075      0.173
    47.500     -0.600     -0.140
    47.400      8.500      0.127
    47.400    123.900      0.124
    47.300     39.650     -0.190
    47.200   -122.600      0.321
    47.200     37.500      0.485
    47.100     15.400     -0.013
    46.900    -71.300      0.139
    46.400     48.000     -0.111
    46.300   -119.250      0.134
    45.800      4.850      0.260
    45.767    126.633      0.661
    45.600   -122.643      0.189
    45.700      8.750     -0.424
    45.586      9.143      0.654
    45.583    -73.700      0.042
    45.450    -75.750     -0.258
    45.008    -93.317      0.301
    45.100      7.550     -0.166
    45.100     41.900      0.667
    44.900     -0.650      0.183
    44.500     12.200     -0.142
    44.500     26.050      0.701
    44.300    -88.500      0.142
    44.100   -123.100     -0.306
    44.000      4.800     -0.193
    43.933    125.267      0.010
    43.791    -79.518     -0.046
    43.900     11.100     -0.162
    43.900    126.500      0.559
    43.333     76.867      0.468
    43.100    -88.050     -0.011
    43.200    -77.700     -0.469
    43.133    141.333      0.009
    43.100    -76.200      0.360
    43.000    -85.700     -0.372
    43.000    -82.500      0.196
    43.000    -78.850     -0.195
    42.800    -84.600      0.305
    42.800    -71.500      0.175
    42.496    -83.235     -0.078
    42.700    -73.800     -0.204
    42.480    -71.200      0.168
    42.300    -89.100     -0.054
    41.869    -87.894      0.132
    42.200    -72.600      0.352
    42.200     24.700      0.148
    41.850    -71.500     -0.193
    41.900     12.400     -0.372
    41.900     59.900      0.472
    41.825    123.325      0.313
    41.900    123.850      0.464
    41.800    -72.700     -0.049
    41.700    -83.650      0.190
    41.600    -88.200      0.036
    41.520    -81.720      0.052
    41.600      2.050     -0.044
    41.400      2.000      0.735
    41.367     69.233      0.697
    41.300    -96.050     -0.149
    41.300    -73.100      0.099
    41.233    123.000      0.327
    41.200     -8.600      0.225
    41.200    122.000      0.376
    41.100    -80.700     -0.003
    40.822    -73.998      0.187
    41.100     28.600      0.150
    41.033     29.050      0.047
    40.933     14.350      0.454
    40.700   -111.975      0.090
    40.800     72.300      0.808
    40.800    120.800      0.143
    40.700    -75.400     -0.357
    40.700    109.750     -0.092
    40.600   -105.100      0.242
    40.575     70.950      0.140
    40.467    -80.000      0.221
    40.450     -3.750      0.147
    40.500     49.900      0.055
    40.500     71.650      0.095
    40.400    -76.000     -0.183
    40.087    -75.117      0.001
    40.350    -74.100      0.078
    40.300   -111.700      0.160
    40.300    -76.900     -0.049
    40.200     44.400      0.044
    39.936    116.291      0.209
    40.040    -83.020      0.229
    40.100    -74.200      0.438
    40.100    113.200      0.171
    39.850    -86.200     -0.231
    40.000     32.750      0.244
    40.000     66.200     -0.213
    40.000     66.400     -0.240
    40.000    119.500     -0.117
    39.789   -105.033      0.177
    39.900    -89.000     -0.068
    39.750    -84.250      0.175
    39.767    -75.667     -0.195
    39.750     66.900     -0.009
    39.700    118.150      0.031
    39.600   -119.800     -0.571
    39.320    -84.540     -0.052
    39.340    -76.720     -0.278
    39.080    -94.680      0.007
    39.100    117.309     -0.270
    39.100    125.700     -0.462
    38.943    -77.086     -0.164
    39.000    121.500     -0.446
    38.900   -104.800      0.059
    38.900    115.450     -0.238
    38.660   -121.400     -0.092
    38.690    -90.390     -0.170
    38.800     -9.250      0.175
    38.600     68.700      0.188
    38.500     27.200     -0.200
    38.300    -85.750     -0.083
    38.300    140.800     -0.242
    38.133    114.467      0.225
    38.067     23.667     -0.104
    38.000   -122.400      0.644
    38.000   -122.100     -0.192
    38.000   -121.300     -0.227
    37.850    112.475      0.051
    37.750   -122.500     -0.086
    37.700   -121.000     -0.165
    37.700    -97.400      0.152
    37.622    126.900      0.045
    37.600   -122.100      0.958
    37.600    -77.500     -0.075
    37.600     15.000     -0.307
    37.600    121.300      0.062
    37.500    112.000      0.029
    37.360   -121.980      0.153
    37.300    127.000     -0.263
    37.100    -76.400     -0.510
    37.100    114.450     -0.143
    36.850   -119.800      0.416
    36.880    -76.260      0.289
    36.750    117.950      0.065
    36.800    137.000      0.179
    36.700    101.700     -0.092
    36.700    116.900      0.683
    36.700    119.100      0.100
    36.600    136.600      0.467
    36.400     43.100     -0.338
    36.400    120.350     -0.094
    36.400    127.300     -0.339
    36.350    139.200      0.219
    36.400    140.400      0.312
    36.200   -115.217     -0.502
    36.300    137.900      0.066
    35.774    139.568      0.317
    36.150    -95.950     -0.107
    36.200    -86.800      0.059
    36.200    120.400      0.155
    36.100    140.100     -0.192
    35.900    -78.700      0.433
    35.900    128.500      0.352
    35.750     51.350      0.395
    35.700    138.500     -0.162
    35.650    140.100      0.221
    35.600    129.300      0.003
    35.500    -97.600     -0.030
    35.224    136.838      0.090
    35.400   -119.100      0.727
    35.300    -80.900      0.102
    35.300    113.200     -0.560
    35.300    115.400     -0.273
    35.200   -106.700      0.137
    35.133    -89.967     -0.017
    35.200     33.300      0.340
    35.120    118.240      0.601
    35.200    128.950      0.309
    35.100    -79.000      0.065
    34.762    135.538      0.131
    34.900    117.500      0.065
    34.800    -92.300      0.299
    34.800    113.650      0.435
    34.800    134.900     -0.053
    34.800    137.300     -0.015
    34.800    137.700      0.110
    34.700    112.400      0.012
    34.700    133.900      0.089
    34.600    133.700     -0.179
    34.500    132.400      0.073
    34.350    108.825      0.518
    34.036   -118.033      0.071
    34.300    117.150     -0.003
    33.929    -84.379      0.145
    34.100    -81.000      0.357
    34.000     35.600     -0.929
    34.000    118.200     -0.122
    33.900    130.700      0.001
    33.900    132.700     -0.097
    33.800   -117.000     -0.289
    33.800   -116.400     -0.314
    33.800    113.200      0.117
    33.541   -112.094      0.073
    33.700     73.000     -0.065
    33.600     -7.700      0.030
    33.600     36.300      0.010
    33.600    130.350     -0.109
    33.600    133.500      0.033
    33.367     44.333      0.357
    33.400    120.100     -0.096
    33.200   -117.250     -0.698
    32.929    -96.986      0.156
    33.000    117.300     -0.258
    32.760   -117.100      0.256
    32.900     13.100      0.466
    32.900    130.700     -0.128
    32.700     51.600      0.028
    32.500    -99.800      0.176
    32.500    -93.800      0.058
    32.500    -85.000      0.244
    32.400    -90.200      0.560
    32.400    -86.300      0.204
    32.250   -111.000     -0.085
    32.150     34.800      0.323
    32.100    112.100      0.514
    32.067    118.767     -0.330
    32.000     35.900     -0.204
    32.000    120.200      0.310
    31.933    120.433      0.202
    31.900     47.100      0.801
    31.867    117.233      0.156
    31.569    120.294     -0.120
    31.800   -106.450     -0.193
    31.700     -8.100      0.119
    31.700    120.700      0.041
    31.600    -97.200      0.099
    31.533     74.267     -0.331
    31.500     73.000      0.107
    31.265    121.323     -0.048
    30.717    103.983      0.512
    30.800    120.700     -0.094
    30.667    114.300     -0.054
    30.500    -91.200     -0.078
    30.500    -87.300      0.000
    30.350    -97.800      0.213
    30.367    -81.633     -0.209
    30.278    120.267      0.013
    30.300    121.200      0.120
    30.150     31.250      0.492
    29.810    -95.420      0.017
    30.100    121.100      0.164
    30.000    -90.150      0.105
    29.950    121.550     -0.205
    29.633    106.467      0.247
    29.550    -98.550      0.183
    28.656     77.144     -0.051
    28.600    -81.429      0.194
    28.700    115.850     -0.032
    28.050    -82.800      0.256
    28.200    112.900      0.237
    28.033    -82.467     -0.228
    28.100    -80.700     -0.269
    27.900    113.100      0.084
    27.500    -82.600     -0.079
    26.700    -81.950     -0.126
    26.180    -80.273     -0.097
    26.500     50.000     -0.632
    26.500     80.300      0.003
    26.300    127.700     -0.376
    26.200    -81.800     -0.144
    26.100    119.250      0.010
    25.750   -100.400      0.254
    25.500     81.800     -0.181
    25.450    119.000     -0.108
    25.400     51.400     -0.258
    25.300     55.300     -0.253
    25.200     75.800      0.534
    25.100    102.650      0.471
    25.050    121.200      0.091
    25.100    121.450     -0.356
    24.933     67.033      0.108
    24.833    118.500      0.454
    24.760     46.680     -0.929
    24.600    117.900     -0.068
    24.250    120.600     -0.002
    23.560    116.500      0.192
    23.018    113.145      0.322
    23.300     77.400      0.208
    23.300    116.350      0.028
    23.100     72.550      0.065
    23.038    113.763      0.228
    23.100    120.200     -0.403
    22.800     75.800      0.210
    22.700     88.300     -0.077
    22.800    113.800     -0.081
    22.700    114.025      0.317
    22.800    114.300      0.693
    22.700    110.100     -0.967
    22.700    120.300      0.152
    22.300    -97.900     -0.057
    22.200   -101.000     -0.367
    21.500     39.200      1.654
    21.400   -158.000      0.453
    21.200     72.800      0.065
    21.100    105.800      0.168
    20.900    106.600      0.398
    20.700   -103.400     -0.151
    19.700    -99.200     -0.083
    19.443    -99.171      0.233
    19.200     72.800      0.291
    19.100    -98.300      0.086
    18.600    -72.300     -0.108
    18.600     73.800     -0.126
    17.450     78.450      0.165
    16.900     96.100     -0.248
    15.667     32.467      0.451
    14.700    121.000      0.482
    13.836    100.500     -0.031
    13.067     80.133     -0.087
    13.000     77.550      0.248
    12.700     -8.000     -0.133
    12.400     -1.600      0.340
    10.900    106.675      0.609
    10.700    -71.700     -0.815
    10.000    -84.100      0.687
     8.400    -62.700     -0.037
     7.400      3.900      1.198
     6.750     -1.700      1.019
     6.620      3.260      0.181
     6.400      5.600      0.485
     5.700     -0.200     -0.279
     5.600      5.700      0.062
     5.433     -4.067      0.419
     5.400    100.400      0.080
     4.700    -74.200      0.887
     4.100      9.700     -0.313
     3.600     98.650      0.399
     3.100    101.575      0.314
     2.300    102.200      0.094
     1.475    103.800      0.204
     1.600    110.300      0.207
     0.400     32.500      0.414
    -0.900    -78.700     -0.397
    -1.300    -48.500     -0.059
    -1.600    -78.700      0.522
    -2.900    104.700     -0.304
    -3.000    -60.000     -0.270
    -3.700    -38.600      0.071
    -4.250     15.200      0.667
    -5.100    119.400     -0.098
    -6.206    106.769      0.210
    -6.800     39.200      0.147
    -7.100    -34.900      0.762
    -7.250    112.700      0.187
    -7.900    112.600     -0.047
    -8.000    -35.000      0.706
    -8.800     13.200     -0.071
   -11.960    -77.060      0.677
   -12.200    -39.000      0.324
   -12.900    -38.500      0.175
   -15.800    -48.100      0.459
   -16.650    -49.300      0.118
   -17.800     31.000      0.802
   -19.700    -48.000      0.100
   -19.867    -44.100      0.371
   -20.300    -40.400      0.433
   -20.400    -54.700      0.548
   -22.300    -47.000      0.314
   -22.700    -47.700     -0.165
   -22.700    -47.400      0.025
   -22.820    -47.160     -0.129
   -22.780    -43.400      0.297
   -22.800    -43.100      0.083
   -22.900    -43.700     -0.485
   -23.400    -47.500      0.061
   -23.494    -46.625      0.146
   -23.900    -46.400      0.763
   -24.900    -53.500      0.011
   -25.300    -57.600      0.421
   -25.400    -49.300      0.158
   -25.500     28.000     -0.117
   -25.700     28.150      0.564
   -26.133     27.983      0.458
   -26.200     28.400      0.338
   -27.460    152.980      0.191
   -27.900    153.300      0.269
   -29.100    -51.200      0.173
   -29.700    -51.200     -0.361
   -29.900    -71.300      0.690
   -29.950    -51.200     -0.066
   -31.350    -64.250      0.201
   -31.500    -68.550      0.261
   -31.700    -52.400      0.210
   -31.920    115.840      0.385
   -32.867    -68.867      0.944
   -32.900    151.600      0.013
   -33.000    -68.600     -0.631
   -33.425    -70.700      0.411
   -33.763    150.925      0.210
   -33.933     18.533      0.610
   -33.900     25.500      0.610
   -34.100    -70.800      0.298
   -34.573    -58.609      0.215
   -34.840    138.540      0.428
   -34.800    -56.200      0.541
   -36.900    174.800      0.889
   -37.780    145.030      0.686
   -38.700    -62.300      0.003
   -38.900    -68.100      0.418
