    60.300     24.900      0.138
    59.980     30.300      0.699
    57.200     65.500      0.199
    57.100      9.900     -0.386
    57.000     24.050     -0.127
    56.900     53.200      0.546
    56.900     60.550      0.159
    56.350     43.800      0.076
    56.100     92.950      0.031
    55.800     37.577      0.462
    55.900     -4.300      0.353
    55.700     12.350      0.199
    55.200     61.400      0.015
    55.100     82.900      0.157
    55.000     -1.550      0.596
    55.000     73.300      0.607
    54.600     -1.300      0.495
    53.600   -113.550      0.173
    53.600     10.000     -0.066
    53.500     -3.000     -0.146
    53.500     -2.250      0.028
    53.400     -6.300      0.019
    53.400     83.700      0.084
    53.300     34.300      0.012
    53.300     50.200      0.519
    53.100      8.800      0.319
    53.000     -1.200      0.383
    53.000     36.000     -0.267
    52.533     -2.000      0.638
    52.550     13.400      0.145
    52.500     16.900      0.175
    52.400      4.600      0.310
    52.400      4.800      0.224
    52.400      9.700      0.051
    52.300     21.000      0.574
    52.200     11.600     -0.037
    52.100      4.300     -0.107
    52.000      4.100     -0.100
    52.000      4.500      0.042
    52.000      7.600     -0.220
    51.900      4.300      0.012
    51.900     12.200     -0.038
    51.900    107.500     -0.559
    51.800     19.400      0.359
    51.800     36.100     -0.005
    51.700     39.200      0.073
    51.560     -0.160      0.407
    51.124      6.835      0.065
    51.557      7.086      0.029
    51.550      7.500      0.043
    51.600     45.900      0.188
    51.500      0.300      0.357
    51.500      5.400     -0.072
    51.400      6.100     -0.026
    51.400     12.300     -0.048
    51.267      4.333     -0.081
    51.067   -114.133      0.773
    51.100      3.700     -0.358
    51.100     13.700      0.116
    50.900      4.350      0.121
    50.700      3.000      0.259
    50.700      5.500      0.292
    50.500      3.800      0.071
    50.500     30.450      0.047
    50.400     18.850     -0.126
    50.300     19.100      0.312
    50.133      8.417      0.059
    50.100     14.450      0.230
    50.100     15.700      0.423
    50.100     18.400     -0.178
    50.100     19.900      0.012
    50.000     36.200      0.418
    49.900    -97.200     -0.178
    49.900     18.250     -0.042
    49.900     18.500      0.183
    49.900     24.000      0.377
    49.450      1.000     -0.011
    49.500      8.350      0.270
    49.450     11.000      0.113
    49.350      6.100     -0.139
    49.350      6.750      0.275
    49.260   -123.020     -0.041
    49.100      8.300     -0.044
    48.892      2.315      0.631
    49.000     38.400      0.012
    48.800      9.200      0.368
    48.800     44.500      0.218
    48.600      7.700      0.522
    48.600     12.100     -0.157
    48.600     38.600     -0.098
    48.500   -123.400     -0.067
    48.500     35.000      0.680
    48.267     16.333      0.278
    48.200     11.450      0.323
    48.200     17.100      0.100
    48.200     33.500     -0.158
    48.075     37.750     -0.006
    47.950     33.350     -0.086
    47.900   -122.300      0.414
    47.900     35.050     -0.362
    47.388   -122.412      0.330
    47.700   -122.200     -0.204
    47.700   -117.300     -0.118
    47.525     19.075      0.391
    47.500     -0.600      0.563
    47.400      8.500     -0.057
    47.400    123.900     -1.016
    47.300     39.700     -0.056
    47.200     37.500      0.022
    47.100     15.400      0.299
    46.400     48.000      0.700
    46.300   -119.250     -0.103
    45.800      4.850      0.139
    45.800    126.650      0.462
    45.600   -122.667      0.323
    45.700      8.750      0.108
    45.600      9.133      0.346
    45.580    -73.660      0.142
    45.450    -75.750      0.281
    45.008    -93.317     -0.093
    45.100      7.550     -0.032
    45.100     38.900      0.174
    45.100     41.900      0.231
    44.900     -0.650     -0.036
    44.500     26.050      0.819
    44.300    -88.500     -0.015
    44.100   -123.100      0.205
    44.000      4.800      0.180
    43.778    -79.522      0.171
    43.900     11.100     -0.129
    43.900    125.250     -0.026
    43.900    126.500     -0.362
    43.500    -84.000      0.439
    43.333     76.867     -0.116
    43.100    -88.050     -0.119
    43.200    -77.700      0.031
    43.133    141.333     -0.245
    43.100    -89.500      0.097
    43.100    -76.200      0.153
    43.000    -85.700      0.131
    43.000    -82.500     -0.375
    43.000    -78.850     -0.256
    42.800    -84.600     -0.117
    42.750    -73.850      0.318
    42.800    -71.500      0.302
    42.496    -83.235      0.064
    42.480    -71.200     -0.351
    42.400    -88.000     -0.108
    42.300    -89.100      0.040
    42.300    -71.800      0.110
    41.869    -87.894     -0.041
    42.200    -72.600     -0.172
    42.200     24.700      0.456
    41.850    -71.500      0.269
    41.900     12.400     -0.056
    41.900     59.900     -0.030
    41.833    123.367      0.206
    41.900    123.850     -0.661
    41.800    -72.700     -0.481
    41.700    -83.650      0.112
    41.520    -81.720      0.356
    41.600      2.050     -0.182
    41.400      2.000     -0.206
    41.367     69.233      0.614
    41.300    -96.050      0.076
    41.300    -73.100      0.187
    41.200     -8.600      0.016
    41.200    122.000      0.057
    41.200    122.950      0.000
    41.100    -80.700      0.021
    40.828    -73.983     -0.133
    41.100     28.600     -0.075
    41.033     29.050      0.106
    40.933     14.350     -0.033
    40.733   -111.967     -0.052
    40.800     72.300     -0.183
    40.800    120.800      0.970
    40.700    -75.400      0.177
    40.700    109.750      0.533
    40.600   -105.100      0.035
    40.567     70.900      0.007
    40.467    -80.000      0.053
    40.500     -3.700      0.868
    40.500     49.900      0.309
    40.500     71.650      0.054
    40.400    -76.000      0.230
    40.088    -75.132     -0.083
    40.350    -74.100      0.180
    40.300    -76.900     -0.024
    40.200     44.400      0.452
    39.933    116.276      0.331
    40.040    -83.020     -0.303
    40.100    -74.200     -0.048
    40.100    113.200      0.048
    39.850    -86.200     -0.309
    40.000     32.750      0.115
    40.000     66.200     -0.318
    40.000     66.400      0.103
    39.800   -105.050      0.200
    39.900    -89.000      0.486
    39.733    -84.233     -0.188
    39.800    -75.600     -0.300
    39.750     66.900     -0.132
    39.600   -119.800     -0.017
    39.333    -84.517      0.037
    39.340    -76.720     -0.198
    39.080    -94.680     -0.194
    39.087    117.250      0.158
    38.957    -77.129     -0.186
    39.100    117.600      0.266
    39.100    125.700     -0.486
    39.000    121.500      0.357
    38.900   -104.800      0.215
    38.900    115.450      0.230
    38.660   -121.400      0.082
    38.690    -90.390     -0.017
    38.800     -9.250     -0.238
    38.600     68.700     -0.282
    38.300    -85.750     -0.037
    38.300    140.800     -0.321
    38.133    114.467      0.363
    38.067     23.667      0.077
    38.000   -122.400     -0.203
    38.000   -122.100     -0.057
    38.000   -121.300      0.114
    37.860    112.460      0.023
    37.750   -122.500      0.195
    37.700   -121.000      0.595
    37.700    -97.400     -0.566
    37.556    126.933      0.013
    37.600    -77.500     -0.176
    37.600     15.000      0.115
    37.600    121.300     -0.179
    37.600    126.600     -0.109
    37.500    112.000      0.246
    37.360   -121.980     -0.487
    37.100    -76.400     -0.153
    37.100    111.900      0.080
    37.100    114.450     -0.257
    36.850   -119.800      0.526
    36.867    -76.267      0.120
    36.800    118.000      0.100
    36.800    137.000     -0.324
    36.700    101.700     -0.774
    36.700    116.900      0.439
    36.600    136.600     -0.078
    36.400     43.100     -0.285
    36.400     59.500     -1.174
    36.400    120.400      0.271
    36.400    127.300     -0.615
    36.350    139.200      0.039
    36.400    140.400     -0.386
    36.180   -115.220      0.475
    36.300    137.900      0.423
    35.777    139.562      0.194
    36.150    -95.950     -0.219
    36.200    -86.800      0.014
    36.100    111.400      0.023
    35.900    -78.700     -0.300
    35.900    128.500     -0.427
    35.750     51.350      0.188
    35.700    138.500      0.331
    35.650    140.100     -0.061
    35.600    129.300      0.375
    35.500    -97.600      0.574
    35.224    136.838      0.171
    35.400   -119.100      0.522
    35.300    -80.900     -0.088
    35.300    113.200      0.477
    35.200   -106.700     -0.033
    35.133    -89.967     -0.053
    35.200     33.300     -0.095
    35.100    118.225      0.047
    35.200    128.950     -0.151
    35.100    -79.000     -0.188
    34.780    135.500      0.340
    34.900    117.500     -0.329
    34.800    -92.300     -0.269
    34.800    113.600      0.385
    34.800    134.900      0.155
    34.800    137.300      0.370
    34.800    137.700     -0.227
    34.700    112.400     -0.106
    34.700    133.900      0.050
    34.650    135.700     -0.058
    34.600    133.700      0.405
    34.500    132.400     -0.015
    34.350    108.900      0.453
    34.036   -118.033      0.142
    34.300    117.100     -0.085
    33.938    -84.377     -0.052
    34.000     35.600      0.482
    33.900    132.700     -0.444
    33.800    113.200     -0.406
    33.543   -112.079      0.334
    33.700     73.000      0.244
    33.600     36.300     -0.580
    33.600    130.350      0.183
    33.600    133.500     -0.358
    33.500    -94.100      0.279
    33.367     44.333      0.044
    33.200   -117.250      0.551
    32.915    -97.000     -0.086
    32.800   -117.100      0.312
    32.900    130.700     -0.349
    32.700     51.600      0.017
    32.500    -99.800      0.691
    32.500    -93.800     -0.102
    32.400    -90.200      0.292
    32.400    -86.300     -0.431
    32.250   -111.000      0.162
    32.150     34.800     -0.860
    32.100    112.100      0.083
    32.067    118.767      0.028
    32.000     35.900      0.535
    31.900     47.100      0.052
    31.900    117.200     -0.423
    31.900    120.500     -0.118
    31.800   -106.450     -0.284
    31.800    119.950      0.287
    31.650    120.250     -0.126
    31.700    120.700     -0.013
    31.600    -97.200     -0.808
    31.533     74.267     -0.285
    31.500     73.000      0.606
    31.267    121.373      0.211
    31.375    120.600     -0.168
    30.700    104.000      0.406
    30.667    114.300      0.104
    30.500    -91.200      0.248
    30.500    -87.300     -0.294
    30.350    -97.800     -0.029
    30.400    -81.650      0.352
    30.300    120.300     -0.048
    30.150     31.250      1.856
    29.833    -95.433      0.098
    30.100    120.800      0.000
    30.100    121.100      0.018
    30.000    -90.150     -0.572
    29.950    121.550      0.225
    29.550    -98.550      0.477
    29.600    106.450     -0.027
    28.675     77.162      0.378
    28.600    -81.429     -0.152
    28.700    115.900     -0.026
    28.050    -82.800     -0.007
    28.033    -82.467     -0.076
    28.100    -80.700      0.006
    27.900    113.100     -0.179
    27.500    -82.600      0.710
    26.700    -81.900      0.136
    26.180    -80.273     -0.041
    26.500     50.000      0.275
    26.500     80.300      0.883
    26.200    -81.800      0.215
    26.100    119.300     -0.580
    25.750   -100.400      0.752
    25.500     81.800      0.032
    25.450    119.000     -0.331
    25.200     75.800     -0.497
    25.100    102.600     -0.525
    25.050    121.200      0.150
    25.100    121.450      0.074
    24.933     67.033     -0.315
    24.800    118.500      0.180
    24.760     46.680     -0.765
    24.200    120.600      0.527
    23.575    116.625      0.179
    23.600    116.350      0.069
    23.107    113.164      0.286
    23.300     77.400     -0.274
    23.300    116.350     -0.196
    23.100     72.550     -0.464
    23.038    113.763     -0.131
    23.100    120.200     -0.031
    22.800     75.800      0.505
    22.700     88.300     -0.241
    22.800    113.800     -0.156
    22.700    110.100      0.119
    22.667    113.200     -0.004
    22.667    114.033      0.481
    22.700    120.300      0.160
    22.400     73.100      0.138
    22.300    -97.900      0.388
    22.200   -101.000     -0.865
    21.500     39.200     -4.085
    21.400   -158.000     -0.101
    21.200     72.800      0.357
    21.100    105.800      0.101
    20.900    106.600     -0.068
    20.700   -103.400     -0.121
    19.443    -99.171     -0.003
    19.200     72.800      0.037
    19.100    -98.300      0.483
    18.600    -72.300      0.180
    18.600     73.800     -0.072
    17.467     78.433     -0.027
    16.900     96.100      0.073
    15.667     32.467     -0.078
    14.700    121.000      0.426
    13.833    100.500      0.161
    13.100     80.200     -0.207
    13.000     77.500     -0.035
    12.400     -1.600     -0.063
    10.900    106.700      0.401
    10.700    -71.700      0.098
    10.000    -84.100      0.375
     8.400    -62.700      0.097
     6.800     -1.700      0.323
     6.620      3.260      0.158
     6.400      5.600      0.476
     5.700     -0.250     -0.419
     5.600      5.700      0.234
     5.450     -4.100      0.271
     5.400    100.400     -0.106
     4.700    -74.200      0.809
     4.600    101.000     -0.041
     3.600     98.600      0.282
     3.100    101.575      0.186
     2.300    102.200      0.111
     1.600    110.300      0.140
     1.400    103.850      0.299
    -0.900    -78.700      0.095
    -1.300    -48.500      0.575
    -1.600    -78.700      0.285
    -2.900    104.700      0.381
    -3.000    -60.000     -0.223
    -3.700    -38.600     -0.549
    -4.300     15.200      0.925
    -5.100    119.400     -0.015
    -6.200    106.777      0.028
    -6.800     39.200      0.292
    -6.900    107.600      0.030
    -7.100    -34.900      0.990
    -7.250    112.700     -0.045
    -7.900    112.600      0.151
    -8.000    -35.000      0.754
    -8.800     13.200     -0.837
   -11.960    -77.060      1.013
   -12.200    -39.000     -0.460
   -12.900    -38.500      0.603
   -15.800    -48.100      0.046
   -16.600    -49.300      0.208
   -17.700    -63.200     -0.062
   -17.800     31.000     -0.868
   -19.700    -48.000     -0.404
   -19.867    -44.100      0.293
   -20.300    -40.400      0.322
   -20.400    -54.700      0.437
   -22.300    -47.000     -0.362
   -22.700    -47.700     -0.486
   -22.700    -47.400     -0.134
   -22.800    -47.175      0.063
   -22.800    -43.375     -0.031
   -22.800    -43.100     -0.236
   -22.900    -43.700     -0.001
   -23.400    -47.500     -0.066
   -23.494    -46.625      0.144
   -23.900    -46.400     -0.080
   -24.900    -53.500      0.116
   -25.300    -57.600      0.368
   -25.400    -49.300      0.315
   -25.500     28.000     -0.204
   -25.700     28.150      0.658
   -26.145     27.991      0.721
   -26.200     28.400      0.195
   -27.460    152.980      0.624
   -27.900    153.300     -0.074
   -29.100    -51.200      0.142
   -29.700    -51.200      0.083
   -29.950    -51.200     -0.066
   -31.350    -64.250     -0.291
   -31.500    -68.550     -1.028
   -31.700    -52.400      0.251
   -31.920    115.840      0.271
   -32.867    -68.867      0.216
   -32.900    151.600     -0.187
   -33.000    -68.600     -0.927
   -33.425    -70.700      0.513
   -33.763    150.925      0.229
   -33.933     18.533      0.033
   -33.900     25.500      1.574
   -34.100    -70.800     -0.294
   -34.573    -58.609      0.284
   -34.800    -56.200     -0.099
   -34.875    138.525      0.448
   -36.900    174.800      1.104
   -37.790    145.040      0.694
   -38.500    -58.800     -0.079
   -38.700    -62.300      0.155
   -38.900    -68.100     -0.324
