    60.300     24.900      0.272
    59.980     30.300      0.531
    57.200     65.500     -0.052
    57.100      9.900     -0.129
    57.000     24.050     -0.012
    56.900     53.200     -0.068
    56.900     60.550      0.086
    56.350     43.800      0.106
    56.200     10.100      0.293
    56.100     92.950      0.158
    55.800     37.564      0.229
    55.900     -4.300      0.294
    55.700     12.350     -0.346
    55.200     61.400      0.252
    55.100     82.900      0.048
    55.000     -1.550      0.191
    55.000     73.350      0.072
    54.600     -1.300     -0.402
    53.600   -113.550      0.025
    53.600     10.000      0.093
    53.500     -3.000     -0.046
    53.500     -2.250      0.124
    53.400     -6.300     -0.114
    53.400     83.700      0.475
    53.300     34.300      0.490
    53.300     50.200      0.059
    53.200     23.100     -0.002
    53.100      8.800      0.207
    53.000     -1.200     -0.394
    53.000     36.000      0.118
    52.533     -2.000      0.452
    52.550     13.400      0.197
    52.500     16.900     -0.079
    52.400      4.600     -0.130
    52.400      4.800      0.089
    52.400      9.700      0.247
    52.275     21.000      0.320
    52.200     11.600      0.194
    52.100      4.300     -0.158
    52.000      4.100     -0.063
    52.000      4.500      0.237
    52.000      7.600      0.024
    51.900      4.300      0.002
    51.800     19.400     -0.146
    51.800     36.100      0.068
    51.700      4.800      0.013
    51.700     39.200      0.068
    51.550     -0.200      0.303
    51.260      6.904      0.102
    51.600     45.900     -0.306
    51.500      5.400      0.188
    51.400      6.100     -0.072
    51.400     12.300     -0.020
    51.267      4.333      0.132
    51.200     71.400      0.129
    51.067   -114.133      0.119
    51.100      3.700     -0.689
    51.100     13.700     -0.211
    50.900      4.350      0.192
    50.700      3.000      0.020
    50.700      5.500      0.061
    50.500      3.800     -0.069
    50.500     30.450      0.340
    50.400     18.850     -0.191
    50.300     19.100      0.292
    50.133      8.417      0.041
    50.100     14.450      0.334
    50.100     15.700      0.263
    50.100     18.400      0.353
    50.100     19.900      0.009
    50.000     36.200     -0.063
    49.900    -97.200     -0.054
    49.900     18.250     -0.087
    49.900     18.500     -0.057
    49.900     24.000      0.203
    49.450      1.000     -0.210
    49.500      8.300      0.117
    49.500      8.500     -0.028
    49.450     11.000      0.211
    49.350      6.100      0.292
    49.350      6.750     -0.275
    49.260   -123.020     -0.084
    49.100      8.300      0.338
    48.892      2.315      0.536
    49.000     38.400     -0.059
    48.850      9.200      0.164
    48.800     44.500      0.044
    48.600      7.700      0.440
    48.600     12.100      0.076
    48.600     38.600     -0.088
    48.500   -123.400      0.055
    48.500     35.000      0.538
    48.400     38.000     -0.012
    48.267     16.333      0.324
    48.200     11.450     -0.056
    48.200     17.100     -0.113
    48.200     33.500      0.063
    48.075     37.750      0.010
    47.950     33.350      0.219
    47.900   -122.300      0.006
    47.900     35.050      0.235
    47.450   -122.367      0.305
    47.700   -122.200     -0.028
    47.700   -117.300     -0.248
    47.525     19.075     -0.028
    47.500     -0.600      0.020
    47.400      8.500     -0.225
    47.400    123.900     -0.023
    47.300     39.650      0.200
    47.200   -122.600      0.150
    47.200     37.500     -0.348
    47.100     15.400     -0.161
    46.900    -71.300     -0.177
    46.400     48.000      0.204
    46.300   -119.250      0.328
    45.800      4.850     -0.105
    45.800    126.650      0.594
    45.600   -122.643      0.378
    45.700      8.750     -0.404
    45.586      9.143      0.194
    45.583    -73.700      0.029
    45.450    -75.750      0.233
    45.008    -93.317      0.073
    45.100      7.550      0.365
    45.100     38.900     -0.105
    45.100     41.900      0.067
    44.900     -0.650      0.279
    44.500     26.050      0.620
    44.300    -88.500      0.300
    44.100   -123.100      0.079
    44.000      4.800     -0.367
    43.778    -79.522     -0.012
    43.900     11.100     -0.068
    43.900    125.250     -0.121
    43.900    126.500      0.185
    43.333     76.867      0.336
    43.100    -88.050      0.174
    43.200    -77.700      0.382
    43.133    141.333     -0.002
    43.100    -89.500      0.115
    43.100    -76.200      0.087
    43.000    -85.700     -0.055
    43.000    -82.500     -0.060
    43.000    -78.850     -0.277
    42.800    -84.600     -0.211
    42.800    -71.500     -0.275
    42.496    -83.235      0.226
    42.700    -73.800      0.089
    42.480    -71.200     -0.026
    42.400    -71.600     -0.319
    42.300    -89.100      0.166
    42.300    -71.800     -0.098
    41.869    -87.894     -0.230
    42.200    -72.600      0.125
    42.200     24.700     -0.200
    41.850    -71.500     -0.191
    41.900     12.400     -0.273
    41.900     59.900     -0.599
    41.833    123.367      0.230
    41.900    123.850     -0.034
    41.800    -72.700      0.214
    41.700    -83.650     -0.293
    41.600    -88.200      0.599
    41.520    -81.720      0.055
    41.600      2.050     -0.335
    41.400      2.000      0.257
    41.367     69.233      0.253
    41.300    -96.050     -0.031
    41.300    -73.100      0.261
    41.200     -8.600      0.795
    41.200    122.000     -0.172
    41.200    122.950      0.464
    41.100    -80.700      0.075
    40.820    -73.995      0.058
    41.100     28.600      0.766
    41.033     29.050     -0.255
    40.933     14.350     -0.109
    40.700   -111.975      0.075
    40.800     72.300      0.182
    40.800    120.800     -0.077
    40.700    -75.400      0.242
    40.700    109.750     -0.207
    40.600   -105.100     -0.689
    40.567     70.900     -0.055
    40.467    -80.000      0.080
    40.450     -3.750      0.518
    40.500     49.900     -0.324
    40.500     71.650      0.194
    40.400    -76.000      0.003
    40.087    -75.117      0.158
    40.350    -74.100      0.015
    40.300   -111.700     -0.044
    40.300    -76.900      0.218
    40.200     44.400      0.465
    39.936    116.291      0.317
    40.040    -83.020     -0.021
    40.100    -74.200      0.070
    40.100    113.200     -0.327
    40.000     32.750      0.493
    40.000     66.200     -0.176
    39.789   -105.033     -0.017
    39.900    -89.000     -0.139
    39.820    -86.220     -0.011
    39.733    -84.233      0.098
    39.800    -75.650     -0.127
    39.750     66.900     -0.044
    39.700    118.100      0.086
    39.600   -119.800     -1.020
    39.320    -84.540      0.151
    39.340    -76.720      0.080
    39.080    -94.680     -0.167
    39.090    117.310     -0.108
    38.957    -77.129     -0.195
    39.100    125.700      0.492
    39.000    121.500     -0.308
    38.900   -104.800      0.377
    38.900    115.450     -0.269
    38.660   -121.400     -0.001
    38.690    -90.390     -0.099
    38.800     -9.250      0.213
    38.600     68.700     -0.362
    38.500     27.200     -0.368
    38.300    -85.750      0.339
    38.300    140.800      0.197
    38.133    114.467      0.384
    38.067     23.667      0.025
    38.000   -122.400      0.132
    38.000   -122.100     -0.052
    38.000   -121.300      0.255
    37.860    112.460      0.035
    37.750   -122.500      0.182
    37.700   -121.000      0.127
    37.700    -97.400     -0.234
    37.556    126.933     -0.046
    37.600    -77.500      0.266
    37.600     15.000      0.479
    37.600    121.300      0.411
    37.600    126.600     -0.037
    37.500    112.000     -0.203
    37.360   -121.980     -0.010
    37.100    -76.400     -0.417
    37.100    114.450     -0.329
    36.850   -119.800     -0.124
    36.875    -76.225      0.027
    36.750    117.950      0.003
    36.800    137.000      0.004
    36.700    101.700      0.329
    36.700    116.900      0.349
    36.600    136.600     -0.257
    36.400     43.100     -0.339
    36.400     59.500      0.424
    36.400    120.350      0.136
    36.400    127.300      0.113
    36.350    139.200      0.521
    36.400    140.400      0.747
    36.180   -115.220      0.030
    36.300    137.900     -0.639
    35.777    139.562      0.371
    36.150    -95.950      0.083
    36.200    -86.800      0.126
    36.200    120.400     -0.080
    36.100    140.100     -0.358
    35.900    -78.700      0.121
    35.900    128.500      0.162
    35.750     51.350      0.165
    35.700    138.500     -0.357
    35.650    140.100      0.253
    35.600    129.300      0.270
    35.500    -97.600      0.468
    35.224    136.838      0.156
    35.400   -119.100      0.033
    35.300    -80.900      0.050
    35.300    113.200     -0.055
    35.200   -106.700      0.307
    35.133    -89.967      0.143
    35.200     33.300     -0.194
    35.100    118.225     -0.221
    35.200    128.950     -0.067
    35.100    -79.000     -0.162
    34.780    135.500      0.249
    34.900    117.500     -0.272
    34.800    -92.300     -0.207
    34.800    113.650      0.257
    34.800    134.900      0.437
    34.800    137.300      0.103
    34.800    137.700      0.026
    34.700    112.400      0.364
    34.700    133.900      0.066
    34.650    135.700      0.190
    34.600    133.700      0.468
    34.500    132.400     -0.554
    34.350    108.825      0.372
    34.036   -118.033      0.269
    34.300    117.150      0.200
    33.929    -84.379      0.073
    34.100    -81.000      0.085
    34.000     35.600      0.229
    33.900    132.700     -0.007
    33.800   -117.000     -0.856
    33.800   -116.400     -0.739
    33.800    113.200      0.344
    33.531   -112.075      0.126
    33.700     73.000     -0.295
    33.600     -7.700      0.163
    33.600     36.300      0.077
    33.600    130.350     -0.191
    33.600    133.500      0.318
    33.500    -94.100     -0.135
    33.367     44.333     -0.158
    33.400    120.100     -0.045
    33.200   -117.250     -0.284
    32.915    -97.000     -0.181
    33.000    117.300      0.044
    32.760   -117.100      0.632
    32.900     13.100      0.279
    32.900    130.700      0.186
    32.700     51.600     -0.591
    32.500    -99.800     -0.067
    32.500    -93.800     -0.175
    32.400    -90.200      0.524
    32.400    -86.300      0.445
    32.250   -111.000      0.350
    32.150     34.800     -1.168
    32.100    112.100     -0.219
    32.067    118.767      0.207
    32.000     35.900      0.180
    32.000    120.200      0.086
    31.900     47.100     -0.551
    31.900    117.250      0.330
    31.900    120.450     -0.031
    31.800   -106.450      0.139
    31.515    120.385      0.074
    31.700     -8.100     -0.107
    31.700    120.700     -0.452
    31.600    -97.200     -0.214
    31.533     74.267     -0.415
    31.500     73.000      0.217
    31.240    121.405      0.144
    31.400    120.950     -0.057
    30.700    104.000     -0.144
    30.667    114.300      0.057
    30.600    117.000      0.092
    30.500    -91.200      0.369
    30.500    -87.300      0.489
    30.350    -97.800      0.342
    30.400    -81.650      0.030
    30.278    120.267      0.102
    30.150     31.250      0.405
    29.810    -95.420      0.038
    30.100    121.100     -0.071
    30.000    -90.150     -0.085
    29.950    121.550      0.067
    29.633    106.467      0.002
    29.550    -98.550      0.243
    28.675     77.162     -0.141
    28.600    -81.429     -0.220
    28.700    115.900      0.175
    28.050    -82.800      0.125
    28.033    -82.467      0.276
    28.100    -80.700      0.530
    27.900    113.100     -0.173
    27.500    -82.600     -0.219
    26.700    -81.900      0.273
    26.180    -80.273      0.150
    26.500     50.000      0.308
    26.500     80.300     -0.148
    26.300    127.700      0.063
    26.200    -81.800      0.290
    26.100    119.250     -0.011
    25.750   -100.400      1.114
    25.500     81.800      0.449
    25.450    119.000      0.243
    25.300     55.300      0.128
    25.200     75.800      0.173
    25.100    102.650      0.480
    25.050    121.200     -0.170
    25.100    121.450     -0.048
    24.933     67.033     -0.391
    24.800    118.500     -0.051
    24.760     46.680     -0.015
    24.250    120.600     -0.417
    23.567    116.517      0.087
    23.022    113.135      0.139
    23.300     77.400      0.200
    23.300    116.350     -0.167
    23.100     72.550      1.144
    23.038    113.763      0.316
    23.100    120.200     -0.479
    22.800     75.800      0.045
    22.700     88.300      0.038
    22.800    113.800      0.290
    22.700    114.025      0.134
    22.800    114.300      0.019
    22.700    110.100     -0.189
    22.700    120.300     -0.447
    22.300    -97.900     -0.044
    22.200   -101.000     -0.396
    21.500     39.200      0.898
    21.400   -158.000     -0.060
    21.100    105.800      0.075
    20.900    106.600     -0.248
    20.700   -103.400      0.095
    19.443    -99.171     -0.001
    19.100    -98.300      0.089
    18.600    -72.300     -0.470
    18.600     73.800     -0.762
    17.467     78.433      0.194
    16.900     96.100      0.121
    15.667     32.467     -0.168
    14.700    121.000      0.615
    13.844    100.533     -0.024
    13.050     80.150      0.123
    13.000     77.550     -0.456
    12.700     -8.000      0.165
    12.400     -1.600      0.061
    10.900    106.675      0.663
    10.700    -71.700     -0.152
    10.000    -84.100      0.561
     8.400    -62.700      0.370
     6.800     -1.700      0.672
     6.620      3.260     -0.026
     6.400      5.600      0.447
     5.700     -0.250     -0.700
     5.600      5.700      0.226
     5.400     -4.100      0.452
     5.400    100.400     -0.195
     4.700    -74.200      0.567
     4.100      9.700      0.022
     3.600     98.600      0.424
     3.100    101.575      0.063
     2.300    102.200      0.084
     1.600    103.700     -0.157
     1.600    110.300      0.092
     1.400    103.850      0.270
    -0.900    -78.700      0.165
    -1.300    -48.500      0.080
    -1.600    -78.700      0.576
    -2.900    104.700      0.425
    -3.000    -60.000      0.193
    -3.700    -38.600     -0.481
    -4.300     15.200      1.275
    -5.100    119.400      0.317
    -6.207    106.800      0.231
    -6.800     39.200      0.709
    -7.100    -34.900      1.151
    -7.250    112.700     -0.171
    -7.900    112.600     -0.061
    -8.000    -35.000      0.425
    -8.300    113.500     -0.272
    -8.800     13.200     -0.140
   -11.960    -77.060     -0.410
   -12.200    -39.000     -0.608
   -12.900    -38.500      0.320
   -15.800    -48.100     -0.277
   -16.600    -49.300     -0.041
   -17.800     31.000      0.653
   -19.700    -48.000      0.162
   -19.867    -44.100     -0.177
   -20.300    -40.400     -0.215
   -20.400    -54.700     -0.116
   -22.300    -47.000     -0.271
   -22.700    -47.700     -0.121
   -22.700    -47.400     -0.188
   -22.800    -47.175      0.095
   -22.800    -43.375      0.003
   -22.800    -43.100     -0.113
   -23.400    -47.500     -0.033
   -23.500    -46.607      0.070
   -23.900    -46.400     -0.253
   -24.900    -53.500      0.206
   -25.300    -57.600      0.340
   -25.400    -49.300      0.702
   -25.500     28.000     -0.110
   -25.700     28.150      0.798
   -26.145     27.991      0.793
   -26.200     28.400      0.488
   -27.460    152.980      0.153
   -27.900    153.300      0.095
   -29.700    -51.200     -0.345
   -29.900    -71.300     -0.481
   -29.950    -51.200     -0.106
   -31.350    -64.250      0.332
   -31.500    -68.550     -0.736
   -31.700    -52.400     -0.278
   -31.920    115.840      0.766
   -32.867    -68.867      0.995
   -32.900    151.600     -0.015
   -33.000    -68.600      1.108
   -33.425    -70.700      0.882
   -33.763    150.925      0.286
   -33.933     18.533      0.346
   -33.900     25.500      0.103
   -34.100    -70.800     -0.163
   -34.573    -58.609      0.472
   -34.840    138.540      0.176
   -34.800    -56.200     -0.083
   -36.900    174.800      0.656
   -37.790    145.040      0.332
   -38.700    -62.300      0.083
   -38.900    -68.100      0.493
