    60.300     24.900      0.022
    59.980     30.300      0.583
    57.200     65.500      0.060
    57.100      9.900     -0.186
    57.000     24.050      0.147
    56.900     53.200     -0.142
    56.900     60.550      0.248
    56.350     43.800      0.263
    56.200     10.100      0.265
    56.100     92.950      0.224
    55.800     37.564      0.248
    56.000     37.800      0.035
    55.900     -4.300     -0.042
    55.750     12.450      0.143
    55.200     61.400     -0.021
    55.100     82.900     -0.009
    55.000     -1.550      0.157
    55.000     73.350     -0.382
    54.600     -1.300      0.135
    54.400     18.600     -0.248
    53.800     -1.600      0.105
    53.600   -113.550      0.272
    53.600     10.000     -0.236
    53.500     -3.000      0.394
    53.500     -2.250      0.157
    53.400     -6.300      0.335
    53.400     83.700      0.135
    53.300     34.300      0.087
    53.300     50.200      0.019
    53.200     23.100     -0.263
    53.100      8.800      0.337
    53.000     -1.200     -0.218
    53.000     36.000     -0.087
    52.800     41.400     -0.205
    52.533     -2.000      0.293
    52.550     13.400      0.217
    52.500     16.900      0.030
    52.400      4.600     -0.012
    52.400      4.800     -0.244
    52.400      9.700     -0.101
    52.275     21.000      0.375
    52.200     11.600      0.458
    52.100     -0.800     -0.271
    52.100      4.300     -0.047
    52.050      4.550     -0.018
    52.000      4.100     -0.274
    52.000      7.600     -0.195
    51.900      4.300     -0.152
    51.800     19.450      0.150
    51.800     36.100      0.071
    51.700     39.200     -0.042
    51.550     -0.200      0.428
    51.260      6.904      0.085
    51.600      7.500      0.003
    51.600     45.900      0.523
    51.500      0.300     -0.072
    51.500      5.400     -0.297
    51.400      6.100      0.004
    51.400     12.300      0.020
    51.267      4.333     -0.008
    51.200     71.400      0.420
    51.067   -114.133      0.141
    51.100      3.700     -0.495
    51.100     13.700      0.071
    50.900      4.350     -0.265
    50.700      3.000      0.080
    50.700      5.500     -0.099
    50.500      2.900      0.099
    50.500      3.800      0.335
    50.500      4.400      0.063
    50.500     30.450      0.170
    50.400     18.850      0.039
    50.300     19.100      0.013
    50.133      8.417     -0.053
    50.100     14.450      0.341
    50.100     15.700      0.159
    50.100     18.400     -0.044
    50.100     19.900      0.105
    50.000     36.200      0.742
    49.900    -97.200     -0.003
    49.900     18.200      0.092
    49.900     18.500      0.101
    49.900     23.950     -0.092
    49.450      1.000      0.146
    49.500      8.400      0.195
    49.450     11.000     -0.147
    49.400      6.100     -0.010
    49.350      6.750      0.177
    49.250   -123.150      0.066
    49.250   -122.900     -0.050
    49.100      8.300      0.256
    48.900      2.300      0.496
    49.000     38.400      0.328
    48.850      9.200     -0.067
    48.800     44.500      0.507
    48.600      7.700      0.287
    48.600     12.100      0.100
    48.600     38.600     -0.224
    48.500   -123.400     -0.045
    48.500     35.000      0.141
    48.400     38.000     -0.291
    48.300     14.200      0.178
    48.267     16.333      0.207
    48.200     11.450      0.485
    48.200     17.100     -0.144
    48.200     33.500      0.163
    48.075     37.750      0.093
    47.950     33.350      0.222
    47.900   -122.300      0.353
    47.900     35.100     -0.235
    47.450   -122.367      0.152
    47.700   -122.200     -0.018
    47.700   -117.300      0.304
    47.525     19.075      0.054
    47.500     -0.600     -0.168
    47.400      8.500      0.179
    47.400    123.900     -0.123
    47.300     39.650      0.051
    47.200   -122.600      0.414
    47.200     37.500     -0.147
    47.100     15.400     -0.050
    46.900    -96.900      0.074
    46.900    -71.300      0.227
    46.400     48.000     -0.223
    46.300   -119.250     -0.090
    45.800      4.850     -0.034
    45.767    126.633      0.368
    45.600   -122.643      0.249
    45.700      8.750     -0.169
    45.586      9.143      0.146
    45.583    -73.700      0.026
    45.450    -75.750      0.325
    45.000    -93.308     -0.096
    45.100      7.550      0.442
    45.100     41.900     -0.157
    44.900     -0.650     -0.006
    44.500     12.200     -0.376
    44.500     26.050      0.399
    44.300    -88.500     -0.254
    44.100   -123.100      0.126
    44.000      4.800     -0.231
    43.933    125.267     -0.180
    43.783    -79.542      0.051
    43.900    -79.100     -0.166
    43.900     11.100     -0.207
    43.900    126.500     -0.261
    43.600    -80.300     -0.043
    43.500    -84.000     -0.123
    43.333     76.867      0.264
    43.100    -88.050      0.074
    43.200    -77.700     -0.220
    43.133    141.333     -0.037
    43.100    -89.500     -0.080
    43.100    -76.200     -0.049
    43.000    -85.700      0.002
    43.000    -82.500      0.159
    43.000    -81.300      0.127
    43.000    -78.850     -0.251
    42.800    -84.600     -0.187
    42.800    -71.500      0.162
    42.508    -83.244      0.012
    42.700    -73.800      0.227
    42.480    -71.200     -0.105
    42.300    -89.100      0.057
    41.874    -87.906      0.005
    42.200    -72.600     -0.258
    42.200     24.700     -0.078
    41.850    -72.700      0.093
    41.850    -71.500      0.669
    41.900     12.400      0.144
    41.900     59.900      0.243
    41.825    123.325     -0.103
    41.900    123.800     -0.118
    41.700    -83.650      0.260
    41.600    -88.200     -0.287
    41.520    -81.720      0.124
    41.600      2.050     -0.479
    41.400      2.000     -0.560
    41.367     69.233      0.449
    41.300    -96.050     -0.102
    41.300    -73.100     -0.038
    41.233    123.000     -0.034
    41.200     -8.600      0.248
    41.200    122.000     -0.089
    41.100    -80.700      0.026
    40.814    -74.010      0.063
    41.100     16.900     -0.100
    41.100     28.600      0.453
    41.033     29.050      0.140
    40.933     14.350      0.020
    40.700   -111.975      0.161
    40.800     72.300      0.660
    40.800    120.800     -0.347
    40.700    -75.400     -0.086
    40.700    109.750     -0.228
    40.600   -105.100     -0.010
    40.575     70.950      0.417
    40.467    -80.000     -0.023
    40.450     -3.750     -0.050
    40.500     49.900     -0.645
    40.500     71.650     -0.264
    40.400    -76.000     -0.003
    40.350    -74.100      0.121
    40.300   -111.700     -0.123
    40.300    -76.900     -0.061
    40.074    -75.135      0.112
    40.200     44.400      0.532
    39.958    116.304      0.363
    40.040    -83.020      0.037
    40.100    -74.200     -0.197
    40.100    113.200     -0.206
    39.857    -86.200      0.104
    40.000     32.750      0.280
    40.000     66.200      0.117
    40.000     66.400      0.611
    40.000    119.500     -0.156
    39.770   -105.030      0.068
    39.900    -89.000     -0.440
    39.800    -84.200      0.111
    39.800   -121.900      0.047
    39.767    -75.667     -0.279
    39.750     66.900     -0.227
    39.700    118.150     -0.117
    39.600   -119.800     -0.474
    39.320    -84.540      0.352
    39.340    -76.720      0.096
    39.121    117.250     -0.129
    39.080    -94.680      0.088
    39.100    125.700      0.023
    38.943    -77.086     -0.282
    39.000    121.500      0.114
    38.900   -104.800      0.752
    38.900    115.450     -0.235
    38.660   -121.400     -0.232
    38.690    -90.390      0.068
    38.800     -9.250     -0.069
    38.600     68.700      0.216
    38.450     27.150      0.253
    38.300    -85.750      0.029
    38.300    140.800      0.312
    38.133    114.467      0.042
    38.067     23.667     -0.212
    38.000   -122.400     -0.374
    38.000   -122.100      0.161
    38.000   -121.300     -0.187
    37.860    112.460      0.282
    37.750   -122.500      0.147
    37.700   -121.000     -0.011
    37.700    -97.400      0.155
    37.573    126.909     -0.113
    37.600   -122.100     -0.019
    37.600    -77.500      0.390
    37.600     15.000      0.347
    37.600    121.300      0.602
    37.500    112.000      0.078
    37.360   -121.980      0.055
    37.100    -76.400     -0.092
    37.100    114.450      0.011
    36.850   -119.800     -0.224
    36.880    -76.260      0.283
    36.750    117.950      0.266
    36.800    137.000     -0.063
    36.700    101.700      0.245
    36.700    114.500     -0.037
    36.700    116.950      0.233
    36.700    119.100      0.280
    36.600    136.600     -0.084
    36.400     43.100     -0.352
    36.400     59.500      0.256
    36.400    120.350     -0.207
    36.400    127.300     -0.422
    36.350    139.200      0.220
    36.400    140.400     -0.252
    36.200   -115.217      0.133
    36.300    137.900      0.213
    35.771    139.614      0.223
    36.133    -95.967      0.267
    36.200    -86.800      0.515
    36.200    120.400      0.224
    36.100    140.100     -0.118
    35.900    -78.700      0.324
    35.900    128.500     -0.005
    35.750     51.350      0.182
    35.700    138.500     -0.059
    35.550    -97.600      0.207
    35.600    129.300     -0.207
    35.232    136.841      0.296
    35.400   -119.100      0.103
    35.300    -80.900      0.082
    35.300    113.200      0.161
    35.300    115.400      0.082
    35.300    128.600     -0.045
    35.200   -106.700     -0.171
    35.133    -89.967     -0.066
    35.200     33.300     -0.345
    35.120    118.240      0.283
    35.200    128.950      0.215
    35.100    -79.000      0.571
    34.780    135.500      0.161
    34.825    113.600      0.032
    34.900    117.500     -0.177
    34.800    -92.300     -0.085
    34.800    134.900     -0.210
    34.800    137.300      0.111
    34.800    137.700     -0.241
    34.700    112.400      0.055
    34.700    133.900     -0.085
    34.650    135.700      0.090
    34.600    133.700      0.109
    34.500    132.400      0.370
    34.350    108.825      0.375
    34.036   -118.033     -0.135
    34.300    117.150      0.340
    33.938    -84.377      0.325
    34.100    -81.000      0.732
    34.000     35.600      0.924
    34.000    118.200      0.479
    33.900    130.700      0.015
    33.900    132.700      0.188
    33.800   -117.000     -0.622
    33.800   -116.400     -0.394
    33.800    113.200     -0.900
    33.531   -112.075     -0.053
    33.700     73.000      0.230
    33.600     -7.700     -0.011
    33.600     36.300     -0.511
    33.600    119.100      0.130
    33.600    130.350      0.335
    33.600    133.500      0.350
    33.500    -94.100      0.014
    33.367     44.333     -0.499
    33.400    120.100     -0.433
    33.200   -117.250     -0.043
    32.926    -97.009      0.218
    33.000    117.300     -0.000
    32.760   -117.100     -0.122
    32.900     13.100      0.544
    32.900    130.700     -0.066
    32.700     51.600      0.517
    32.700    117.000      0.261
    32.500    -99.800     -0.165
    32.500    -93.800      0.328
    32.400    -90.200      0.431
    32.400    -86.300      0.012
    32.250   -111.000     -0.547
    32.150     34.800      0.335
    32.200    119.400     -0.567
    32.100    112.100      0.443
    32.067    118.767      0.001
    32.050    120.850     -0.073
    32.000     35.900      0.546
    32.000    120.200      0.538
    31.933    120.433      0.118
    31.900     47.100     -0.103
    31.867    117.233      0.272
    31.406    120.853      0.018
    31.800   -106.450      0.182
    31.700     -8.100      0.639
    31.700    120.700      0.053
    31.600    -97.200     -0.309
    31.533     74.267     -0.222
    31.500     73.000      0.581
    30.900    104.200      0.091
    30.717    103.983      0.245
    30.800    120.700     -0.215
    30.667    114.300     -0.092
    30.700    120.500      0.112
    30.500    -91.200     -0.155
    30.500    -87.300      0.377
    30.285    120.292     -0.107
    30.350    -97.800      0.233
    30.375    -81.600      0.105
    30.300    121.200     -0.161
    30.150     31.250      0.674
    29.805    -95.410      0.011
    30.100    121.100     -0.378
    30.000    -90.150     -0.285
    29.950    121.550     -0.137
    29.633    106.467      0.265
    29.550    -98.550      0.418
    28.655     77.155      0.061
    28.600    -81.429     -0.311
    28.700    115.850      0.136
    28.575    121.400      0.163
    28.250    112.900     -0.090
    28.050    -82.800      0.121
    28.033    -82.467      0.124
    28.100    -80.700     -0.360
    27.900    113.100      0.290
    27.600    120.500      0.176
    27.500    -82.600      0.089
    27.000     75.700      0.226
    26.700    -81.950      0.096
    26.212    -80.275      0.046
    26.500     50.000      0.249
    26.500     80.300      0.383
    26.300    127.700     -0.315
    26.200    -81.800     -0.300
    26.100    119.250      0.395
    25.750   -100.400     -0.155
    25.500     81.800     -0.159
    25.450    119.000     -0.389
    25.300     55.300     -0.071
    25.200     75.800      0.377
    25.067    102.667     -0.018
    25.050    121.200     -0.009
    25.100    121.450      0.076
    24.933     67.033      0.881
    24.833    118.500      0.064
    24.760     46.680     -0.018
    24.700    118.200      0.098
    24.600    117.900      0.376
    24.250    120.600     -0.280
    23.587    116.550      0.134
    22.988    113.142      0.166
    23.300     77.400      0.296
    23.300    116.350     -0.226
    23.056    113.744      0.036
    23.100     72.550      0.060
    23.100    120.200      0.060
    22.800     75.800      0.257
    22.700     88.300     -0.253
    22.750    113.800     -0.152
    22.700    114.025     -0.159
    22.800    114.300      0.330
    22.700    110.100      0.454
    22.700    120.300      0.150
    22.300    -97.900     -0.512
    22.200   -101.000     -0.454
    21.500     39.200      0.250
    21.400   -158.000      0.438
    21.200     72.800      0.577
    21.100    105.800      0.360
    20.900    106.600     -0.048
    20.700   -103.400     -0.387
    19.700    -99.200      0.821
    19.433    -99.183      0.008
    19.200     72.800      0.106
    19.100    -98.300      0.188
    18.600    -72.300      0.399
    18.600     73.800      0.470
    17.450     78.450      0.181
    16.900     96.100      0.403
    15.667     32.467     -0.380
    14.700    121.000      0.699
    13.833    100.483     -0.080
    13.500    101.000      0.370
    13.067     80.133     -0.290
    13.000     77.550     -0.063
    12.700     -8.000     -0.356
    12.400     -1.600      0.379
    11.600    104.800      0.206
    10.900    106.675      0.258
    10.700    -71.700      0.439
    10.000    -84.150      0.358
     8.400    -62.700      0.087
     7.400      3.850      0.910
     7.200      3.300     -0.473
     6.750     -1.700      0.608
     6.643      3.314     -0.135
     6.400      5.600      0.432
     5.700     -0.200     -0.482
     5.600      5.700     -0.277
     5.400     -4.050      0.187
     5.400    100.400      0.528
     4.867      7.000      0.148
     4.750    -74.150      0.239
     4.100      9.700      0.197
     3.600     98.650      0.162
     3.111    101.589      0.107
     2.300    102.200      0.105
     1.475    103.800      0.032
     1.600    110.300     -0.029
     0.400     32.500      0.092
    -0.900    -78.700      0.170
    -1.300    -48.500     -0.366
    -1.600    -78.700     -0.212
    -2.900    104.700      0.179
    -3.000    -60.000     -0.197
    -3.700    -38.600      0.427
    -4.250     15.200      0.650
    -5.100    119.400      0.223
    -6.206    106.769      0.276
    -6.300    107.300      0.147
    -6.800     39.200     -0.662
    -6.900    107.600     -0.142
    -7.100    -34.900      0.581
    -7.250    112.700      0.170
    -7.900    112.600      0.110
    -8.000    -35.000     -0.118
    -8.800     13.200     -0.420
   -11.960    -77.060     -0.237
   -12.200    -39.000      0.465
   -12.900    -38.500      0.415
   -15.800    -48.100     -0.060
   -16.650    -49.300      0.358
   -17.800     31.000      0.230
   -19.700    -48.000     -0.250
   -19.867    -44.100     -0.003
   -20.300    -40.400      0.289
   -20.400    -54.700      0.253
   -22.300    -47.000     -0.238
   -22.700    -47.700      0.586
   -22.700    -47.400     -0.041
   -22.820    -47.160      0.235
   -22.780    -43.400     -0.151
   -22.800    -43.100      0.212
   -22.900    -43.700     -0.071
   -23.400    -47.500      0.178
   -23.500    -46.607      0.039
   -23.900    -46.400      0.020
   -24.900    -53.500      0.165
   -25.300    -57.600     -0.287
   -25.400    -49.300     -0.321
   -25.500     28.000     -0.280
   -25.700     28.150      0.684
   -26.133     27.983      0.657
   -26.200     28.400      0.138
   -27.460    152.980      0.242
   -27.900    153.300     -0.032
   -29.700    -51.200      0.253
   -29.900    -71.300      1.279
   -29.950    -51.200      0.381
   -31.350    -64.250      0.154
   -31.500    -68.550      0.050
   -31.700    -52.400     -0.135
   -31.920    115.840      0.433
   -32.867    -68.867      1.002
   -32.900    151.600     -0.856
   -33.000    -68.600      0.647
   -33.425    -70.700      0.784
   -33.763    150.925      0.123
   -33.933     18.533      0.262
   -33.900     25.500      0.485
   -34.100    -70.800     -0.380
   -34.573    -58.609      0.127
   -34.840    138.540      0.413
   -34.800    -56.200      0.001
   -36.900    174.800      0.874
   -37.780    145.030      0.341
   -38.700    -62.300     -0.378
   -38.900    -68.100      0.294
