    60.300     24.900      0.184
    59.980     30.300      0.457
    57.200     65.500      0.149
    57.100      9.900     -0.376
    57.000     24.050      0.174
    56.900     53.200      0.306
    56.900     60.550      0.282
    56.350     43.800      0.187
    56.100     92.950      0.116
    55.800     37.577      0.263
    55.900     -4.300      0.093
    55.700     12.350     -0.011
    55.200     61.400     -0.022
    55.100     82.900      0.062
    55.000     -1.550      0.448
    55.000     73.350      0.192
    54.600     -1.300     -0.288
    53.600   -113.550     -0.239
    53.600     10.000     -0.074
    53.500     -3.000     -0.326
    53.500     -2.250      0.389
    53.400     -6.300      0.122
    53.400     83.700      0.347
    53.300     34.300     -0.236
    53.300     50.200     -0.044
    53.200     23.100      0.003
    53.100      8.800      0.041
    53.000     -1.200     -0.224
    53.000     36.000      0.474
    52.533     -2.000      0.428
    52.550     13.400      0.197
    52.500     16.900      0.168
    52.400      4.600      0.148
    52.400      4.800      0.280
    52.400      9.700      0.172
    52.300     21.000     -0.029
    52.200     11.600      0.083
    52.100      4.300     -0.071
    52.000      4.100     -0.122
    52.000      4.500     -0.098
    52.000      7.600     -0.064
    51.900      4.300     -0.005
    51.800     19.400      0.040
    51.800     36.100      0.317
    51.700     39.200      0.434
    51.560     -0.160      0.387
    51.260      6.904      0.066
    51.600     45.900     -0.128
    51.500      5.400      0.080
    51.400      6.100     -0.264
    51.400     12.300      0.217
    51.267      4.333      0.035
    51.067   -114.133      0.293
    51.100      3.700      0.066
    51.100     13.700      0.066
    50.900      4.350      0.050
    50.700      3.000     -0.148
    50.700      5.500     -0.088
    50.500      3.800      0.122
    50.500     30.450      0.022
    50.400     18.850      0.056
    50.300     19.100     -0.144
    50.133      8.417      0.082
    50.100     14.400      0.288
    50.100     15.700      0.271
    50.100     18.400     -0.223
    50.100     19.900      0.160
    50.000     36.200     -0.146
    49.900    -97.200      0.329
    49.900     18.250      0.029
    49.900     18.500      0.273
    49.900     24.000      0.219
    49.450      1.000      0.032
    49.500      8.300     -0.220
    49.450     11.000      0.187
    49.350      6.100     -0.376
    49.350      6.750     -0.101
    49.260   -123.020     -0.021
    49.100      8.300      0.327
    48.892      2.315      0.470
    49.000     38.400      0.053
    48.800      9.200      0.379
    48.800     44.500      0.209
    48.700      6.100      0.170
    48.600      7.700      0.340
    48.600     12.100     -0.179
    48.600     38.600      0.014
    48.500   -123.400     -0.047
    48.500     35.000      0.221
    48.400     38.000     -0.057
    48.267     16.333      0.619
    48.200     11.450      0.445
    48.200     17.100      0.081
    48.200     33.500      0.205
    48.075     37.750      0.157
    47.950     33.350      0.174
    47.900   -122.300      0.637
    47.900     35.050      0.058
    47.388   -122.412      0.406
    47.700   -122.200      0.411
    47.700   -117.300      0.024
    47.525     19.075      0.190
    47.500     -0.600      0.203
    47.400      8.500      0.113
    47.400    123.900     -0.512
    47.300     39.700      0.348
    47.200     37.500      0.069
    47.100     15.400      0.381
    46.900    -71.300      0.110
    46.400     48.000     -0.151
    46.300   -119.250     -0.369
    45.800      4.850      0.285
    45.800    126.650      0.347
    45.600   -122.667      0.439
    45.700      8.750     -0.156
    45.600      9.133      0.286
    45.583    -73.700      0.135
    45.450    -75.750      0.029
    45.008    -93.317      0.276
    45.100      7.550      0.201
    45.100     38.900      0.015
    45.100     41.900     -0.056
    44.900     -0.650      0.078
    44.500     26.050      0.684
    44.300    -88.500      0.444
    44.100   -123.100      0.024
    44.000      4.800     -0.002
    43.778    -79.522     -0.226
    43.900     11.100      0.239
    43.900    125.250      0.251
    43.900    126.500      0.224
    43.333     76.867     -0.310
    43.100    -88.050      0.188
    43.200    -77.700     -0.213
    43.133    141.333      0.072
    43.100    -89.500     -0.174
    43.100    -76.200      0.295
    43.000    -85.700      0.148
    43.000    -82.500      0.251
    43.000    -78.850     -0.058
    42.800    -84.600     -0.233
    42.750    -73.850     -0.027
    42.800    -71.500     -0.103
    42.496    -83.235      0.085
    42.480    -71.200      0.152
    42.400    -88.000     -0.113
    42.300    -89.100     -0.257
    42.300    -71.800     -0.082
    41.869    -87.894     -0.101
    42.200    -72.600      0.280
    42.200     24.700      0.177
    41.850    -71.500     -0.267
    41.900     12.400     -0.158
    41.900     59.900     -0.532
    41.833    123.367      0.238
    41.900    123.850      0.062
    41.800    -72.700      0.625
    41.700    -83.650      0.126
    41.520    -81.720      0.131
    41.600      2.050      0.341
    41.400      2.000      0.231
    41.367     69.233      0.409
    41.300    -96.050      0.129
    41.300    -73.100     -0.128
    41.200     -8.600      0.479
    41.200    122.000      0.026
    41.200    122.950      0.726
    41.100    -80.700      0.006
    40.828    -73.983      0.009
    41.100     28.600      0.417
    41.033     29.050      0.058
    40.933     14.350     -0.074
    40.733   -111.967      0.133
    40.800     72.300      0.230
    40.800    120.800      0.194
    40.700    -75.400      0.232
    40.700    109.750      0.024
    40.600   -105.100      0.322
    40.567     70.900     -0.049
    40.467    -80.000      0.103
    40.500     -3.700      0.529
    40.500     49.900      0.194
    40.500     71.650      0.616
    40.400    -76.000      0.075
    40.087    -75.117     -0.084
    40.350    -74.100      0.211
    40.300    -76.900      0.030
    40.200     44.400      0.153
    39.933    116.276      0.225
    40.040    -83.020     -0.081
    40.100    -74.200      0.067
    40.100    113.200     -0.292
    39.850    -86.200     -0.037
    40.000     32.750     -0.202
    40.000     66.200     -0.209
    40.000     66.400     -0.432
    39.789   -105.033     -0.100
    39.900    -89.000     -0.012
    39.733    -84.233      0.038
    39.800    -75.650      0.139
    39.750     66.900      0.593
    39.600   -119.800     -0.651
    39.333    -84.517      0.017
    39.340    -76.720      0.032
    39.080    -94.680      0.053
    39.087    117.250     -0.196
    38.957    -77.129     -0.176
    39.100    117.600     -0.288
    39.100    125.700      0.252
    39.000    121.500     -0.702
    38.900   -104.800      0.450
    38.900    115.450     -0.228
    38.660   -121.400      0.042
    38.690    -90.390      0.282
    38.800     -9.250      0.001
    38.600     68.700     -0.037
    38.300    -85.750     -0.151
    38.300    140.800      0.047
    38.133    114.467     -0.157
    38.067     23.667     -0.138
    38.000   -122.400     -0.012
    38.000   -122.100      0.251
    38.000   -121.300     -0.394
    37.860    112.460      0.151
    37.750   -122.500     -0.566
    37.700   -121.000      0.075
    37.700    -97.400     -0.342
    37.556    126.933     -0.057
    37.600    -77.500     -0.333
    37.600     15.000      0.377
    37.600    121.300     -0.022
    37.600    126.600     -0.182
    37.500    112.000     -0.084
    37.360   -121.980     -0.282
    37.100    -76.400     -0.025
    37.100    114.450      0.192
    36.850   -119.800      0.008
    36.875    -76.225      0.210
    36.800    118.000     -0.230
    36.800    137.000      0.340
    36.700    101.700     -0.143
    36.700    116.900      0.195
    36.600    136.600     -0.139
    36.400     43.100      0.789
    36.400     59.500      0.093
    36.400    120.400     -0.030
    36.400    127.300      0.001
    36.350    139.200      0.357
    36.400    140.400     -0.206
    36.180   -115.220     -0.295
    36.300    137.900     -0.013
    35.777    139.562      0.239
    36.150    -95.950     -0.318
    36.200    -86.800     -0.340
    36.200    120.400     -0.231
    36.100    140.100      0.128
    35.900    -78.700      0.060
    35.900    128.500     -0.300
    35.750     51.350      0.101
    35.700    138.500     -0.055
    35.650    140.100      0.275
    35.600    129.300     -0.216
    35.500    -97.600     -0.024
    35.224    136.838      0.351
    35.400   -119.100      0.310
    35.300    -80.900      0.675
    35.300    113.200     -0.575
    35.200   -106.700      0.021
    35.133    -89.967      0.153
    35.200     33.300      0.109
    35.100    118.225      0.119
    35.200    128.950      0.110
    35.100    -79.000      0.030
    34.780    135.500      0.307
    34.900    117.500      0.188
    34.800    -92.300      0.042
    34.800    113.650      0.070
    34.800    134.900      0.018
    34.800    137.300      0.335
    34.800    137.700     -0.078
    34.700    112.400     -0.101
    34.700    133.900      0.187
    34.650    135.700      0.379
    34.600    133.700     -0.132
    34.500    132.400      0.020
    34.350    108.825      0.228
    34.036   -118.033      0.119
    34.300    117.100     -0.332
    33.929    -84.379     -0.238
    34.000     35.600     -0.540
    33.900    132.700      0.144
    33.800    113.200     -0.292
    33.533   -112.060      0.180
    33.700     73.000      0.178
    33.600     36.300      0.032
    33.600    130.350     -0.140
    33.600    133.500     -0.028
    33.500    -94.100     -0.501
    33.367     44.333      0.052
    33.200   -117.250      0.447
    32.915    -97.000      0.159
    32.900     13.100     -0.378
    32.900    130.700     -0.165
    32.767   -117.133      0.729
    32.700     51.600      0.135
    32.500    -99.800      0.510
    32.500    -93.800     -0.108
    32.400    -90.200      0.606
    32.400    -86.300      0.363
    32.250   -111.000      0.088
    32.150     34.800      0.380
    32.100    112.100     -0.420
    32.067    118.767     -0.107
    32.000     35.900      0.366
    31.900     47.100     -0.496
    31.900    117.200     -0.010
    31.900    120.500     -0.097
    31.800   -106.450     -1.061
    31.800    119.950      0.094
    31.444    120.500     -0.042
    31.700    120.700      0.184
    31.600    -97.200      0.135
    31.533     74.267      0.027
    31.500     73.000      0.502
    31.261    121.400      0.025
    31.400    120.950      0.215
    30.700    104.000     -0.146
    30.667    114.300     -0.002
    30.600    117.000     -0.027
    30.500    -91.200     -0.039
    30.500    -87.300      0.440
    30.350    -97.800     -0.118
    30.400    -81.650     -0.237
    30.300    120.300      0.111
    30.150     31.250      0.908
    29.828    -95.417      0.109
    30.100    120.800     -0.102
    30.100    121.100     -0.289
    30.000    -90.150     -0.449
    29.950    121.550      0.124
    29.550    -98.550     -0.016
    29.600    106.450      0.194
    28.675     77.162     -0.073
    28.600    -81.429     -0.131
    28.700    115.900     -0.202
    28.050    -82.800     -0.070
    28.033    -82.467      0.083
    28.100    -80.700      0.201
    27.500    -82.600      0.391
    26.700    -81.900     -0.091
    26.180    -80.273      0.124
    26.500     50.000     -0.755
    26.500     80.300      0.720
    26.200    -81.800      0.107
    26.100    119.250      0.203
    25.750   -100.400      0.151
    25.500     81.800     -0.258
    25.450    119.000     -0.042
    25.200     75.800      0.460
    25.100    102.600     -0.085
    25.050    121.200     -0.402
    25.100    121.450     -0.036
    24.933     67.033     -1.291
    24.800    118.500     -0.375
    24.760     46.680     -0.250
    24.200    120.600      0.326
    23.600    116.350     -0.059
    23.533    116.633      0.196
    23.019    113.157      0.094
    23.300     77.400     -0.241
    23.300    116.350      0.104
    23.100     72.550     -0.030
    23.038    113.763      0.195
    23.100    120.200     -0.038
    22.800     75.800      0.563
    22.700     88.300      0.362
    22.800    113.800     -0.088
    22.700    110.100      0.119
    22.700    114.050      0.130
    22.700    120.300      0.311
    22.400     73.100     -0.241
    22.300    -97.900     -0.025
    22.200   -101.000     -0.475
    21.500     39.200     -2.786
    21.400   -158.000     -0.480
    21.200     72.800      0.531
    21.100    105.800      0.111
    20.900    106.600     -0.049
    20.700   -103.400      0.269
    19.443    -99.171      0.071
    19.200     72.800      0.090
    19.100    -98.300      0.277
    18.600    -72.300     -1.514
    18.600     73.800     -0.377
    17.467     78.433     -0.348
    16.900     96.100      0.316
    15.667     32.467      1.006
    14.700    121.000      0.595
    13.833    100.500     -0.148
    13.050     80.150      0.107
    13.000     77.550      0.417
    12.400     -1.600      0.204
    10.900    106.700      0.440
    10.700    -71.700      0.495
    10.000    -84.100      0.290
     8.400    -62.700      0.383
     6.800     -1.700      0.914
     6.620      3.260     -0.144
     6.400      5.600      0.121
     5.700     -0.250     -0.656
     5.600      5.700     -0.152
     5.400     -4.100     -0.024
     5.400    100.400      0.469
     4.700    -74.200      0.382
     3.600     98.600      0.634
     3.100    101.575     -0.071
     2.300    102.200     -0.045
     1.600    110.300      0.253
     1.400    103.850      0.020
    -0.900    -78.700     -0.508
    -1.300    -48.500      0.127
    -1.600    -78.700     -0.305
    -2.900    104.700     -0.247
    -3.000    -60.000      0.015
    -3.700    -38.600      0.328
    -4.300     15.200      1.433
    -5.100    119.400     -0.105
    -6.200    106.777      0.092
    -6.800     39.200      1.151
    -7.100    -34.900      0.963
    -7.250    112.700      0.206
    -7.900    112.600      0.222
    -8.000    -35.000      0.475
    -8.800     13.200     -0.454
   -11.960    -77.060     -0.973
   -12.200    -39.000     -0.434
   -12.900    -38.500      0.724
   -15.800    -48.100     -0.018
   -16.600    -49.300     -0.293
   -17.700    -63.200      0.171
   -17.800     31.000     -0.336
   -19.700    -48.000      0.053
   -19.867    -44.100      0.187
   -20.300    -40.400     -0.306
   -20.400    -54.700      0.211
   -22.300    -47.000      0.113
   -22.700    -47.700      0.314
   -22.700    -47.400      0.181
   -22.800    -47.175      0.014
   -22.800    -43.375     -0.278
   -22.800    -43.100     -0.094
   -23.400    -47.500      0.406
   -23.500    -46.607      0.028
   -23.900    -46.400      0.149
   -24.900    -53.500     -0.266
   -25.300    -57.600      0.559
   -25.400    -49.300      0.331
   -25.500     28.000      0.383
   -25.700     28.150      0.758
   -26.145     27.991      0.766
   -26.200     28.400     -0.346
   -27.460    152.980      0.488
   -27.900    153.300      0.166
   -29.700    -51.200     -0.070
   -29.900    -71.300      0.652
   -29.950    -51.200     -0.075
   -31.350    -64.250     -0.012
   -31.500    -68.550      0.529
   -31.700    -52.400      0.346
   -31.920    115.840      0.144
   -32.867    -68.867      0.981
   -32.900    151.600      0.204
   -33.000    -68.600     -0.509
   -33.425    -70.700      0.908
   -33.763    150.925      0.347
   -33.933     18.533      0.857
   -33.900     25.500      0.666
   -34.100    -70.800     -0.127
   -34.573    -58.609      0.801
   -34.800    -56.200      0.166
   -34.875    138.525      0.743
   -36.900    174.800      1.144
   -37.790    145.040      0.442
   -38.500    -58.800      0.664
   -38.700    -62.300     -0.172
   -38.900    -68.100     -0.546
