    60.300     24.900      0.880
    59.980     30.300      0.590
    57.200     65.500      0.166
    57.100      9.900     -0.402
    57.000     24.050      0.389
    56.900     53.200     -0.060
    56.900     60.550      0.784
    56.333     43.833     -0.045
    56.200     10.100     -0.241
    56.100     92.950     -0.491
    55.800     37.564      0.540
    55.900     -4.300      0.115
    55.700     12.350      0.034
    55.200     61.400      0.260
    55.100     82.900     -0.062
    55.000     -1.550      0.253
    55.000     73.350     -0.118
    54.600     -1.300      0.264
    53.800     -1.600     -0.329
    53.600   -113.550      0.066
    53.600     10.000     -0.037
    53.500     -3.000      0.239
    53.500     -2.250      0.322
    53.400     -6.300      0.003
    53.400     83.700      0.441
    53.300     34.300      0.041
    53.300     50.200     -0.157
    53.100      8.800      0.284
    53.000     -1.200      0.423
    52.533     -2.000      0.793
    52.550     13.400      0.436
    52.500     16.900      0.039
    52.400      4.600      0.077
    52.400      4.800      0.013
    52.400      9.700      0.006
    52.275     21.000      0.274
    52.200     11.600      0.295
    52.100      4.300     -0.055
    52.000      4.100     -0.182
    51.950      4.550     -0.092
    52.000      7.600      0.706
    51.900      4.300      0.188
    51.800     19.400      0.105
    51.800     36.100      0.451
    51.700     39.200      0.059
    51.550     -0.200      0.649
    51.246      6.908     -0.028
    51.600      7.500     -0.013
    51.600     45.900     -0.552
    51.500      0.300      0.820
    51.500      5.400      0.311
    51.400      6.100     -0.224
    51.400     12.300      0.373
    51.267      4.333     -0.014
    51.200     71.400      0.234
    51.067   -114.133      0.564
    51.100      3.700     -0.713
    51.100     13.700     -0.021
    50.900      4.350      0.171
    50.700      3.000      0.001
    50.700      5.500      0.559
    50.500      3.800      0.017
    50.500     30.450      0.069
    50.400     18.850      0.438
    50.300     19.100      0.010
    50.133      8.417      0.389
    50.100     14.450      0.236
    50.100     15.700     -0.421
    50.100     18.400     -0.568
    50.100     19.900      0.454
    50.000     36.250      0.207
    49.900    -97.200      0.270
    49.900     18.250      0.273
    49.900     18.500      0.069
    49.900     24.000      0.215
    49.500      1.000      0.037
    49.500      8.400      0.074
    49.450     11.000      0.030
    49.400      6.100      0.150
    49.350      6.750     -0.350
    49.250   -123.150     -0.095
    49.250   -122.900     -0.174
    49.100      8.300     -0.034
    48.892      2.315      0.755
    49.000     38.400     -0.113
    48.850      9.200      0.256
    48.800     44.500     -0.218
    48.600      7.700      0.203
    48.600     12.100     -0.133
    48.600     38.600     -0.169
    48.500   -123.400      0.419
    48.500     35.000      0.538
    48.400     38.000     -0.211
    48.267     16.333      0.334
    48.200     11.450     -0.013
    48.200     17.100      0.243
    48.200     33.500      0.236
    48.075     37.750      0.341
    47.950     33.350     -0.205
    47.900   -122.300     -0.114
    47.900     35.100     -0.189
    47.450   -122.367      0.126
    47.700   -122.200     -0.130
    47.700   -117.300      0.314
    47.525     19.075     -0.030
    47.500     -0.600     -0.098
    47.400      8.500      0.139
    47.400    123.900     -0.582
    47.300     39.650      0.557
    47.200   -122.600      0.280
    47.200     37.500      0.004
    47.100     15.400      0.173
    46.900    -71.300     -0.444
    46.400     48.000     -0.004
    46.300   -119.250      0.278
    45.800      4.850      0.209
    45.767    126.633      0.170
    45.600   -122.643      0.433
    45.700      8.750     -0.023
    45.586      9.143      0.717
    45.583    -73.700      0.085
    45.450    -75.750      0.220
    45.008    -93.317     -0.145
    45.100      7.550      0.251
    45.100     38.900      0.481
    45.100     41.900      0.109
    44.900     -0.650      0.197
    44.500     26.050      0.759
    44.300    -88.500     -0.530
    44.100   -123.100     -0.045
    44.000      4.800      0.216
    43.933    125.267      0.560
    43.791    -79.518      0.058
    43.900    -79.100     -0.037
    43.900     11.100      0.078
    43.900    126.500      0.787
    43.333     76.867      0.625
    43.100    -88.050      0.274
    43.200    -77.700      0.013
    43.133    141.333     -0.055
    43.100    -89.500     -0.105
    43.100    -76.200      0.577
    43.000    -85.700     -0.077
    43.000    -82.500     -0.150
    43.000    -78.850     -0.060
    42.800    -84.600      0.144
    42.800    -71.500     -0.265
    42.496    -83.235     -0.073
    42.700    -73.800      0.145
    42.480    -71.200      0.247
    42.400    -71.600     -0.575
    42.300    -89.100     -0.458
    42.300    -71.800      0.118
    41.869    -87.894     -0.119
    42.200    -72.600      0.236
    42.200     24.700     -0.078
    41.850    -71.500      0.100
    41.900     12.400      0.188
    41.900     59.900      0.137
    41.833    123.367     -0.074
    41.900    123.850      0.243
    41.800    -72.700     -0.064
    41.700    -83.650      0.005
    41.600    -88.200      0.128
    41.520    -81.720      0.484
    41.600      2.050     -0.627
    41.400      2.000      0.801
    41.367     69.233      0.615
    41.300    -96.050     -0.211
    41.300    -73.100      0.432
    41.233    123.000     -0.031
    41.200     -8.600     -0.211
    41.200    122.000      0.125
    41.100    -80.700      0.012
    40.822    -73.998      0.188
    41.100     28.600     -0.350
    41.033     29.050      0.029
    40.933     14.350      0.010
    40.700   -111.975      0.234
    40.800     72.300     -0.197
    40.800    120.800     -0.560
    40.700    -75.400      0.144
    40.700    109.750     -0.122
    40.600   -105.100      0.005
    40.567     70.900     -0.537
    40.467    -80.000      0.216
    40.450     -3.750      0.255
    40.500     49.900     -0.399
    40.500     71.650     -0.299
    40.400    -76.000      0.217
    40.087    -75.117     -0.074
    40.350    -74.100      0.279
    40.300    -76.900     -0.059
    40.200     44.400     -0.506
    39.936    116.291      0.359
    40.040    -83.020     -0.149
    40.100    -74.200      0.181
    40.100    113.200      0.104
    39.850    -86.200     -0.128
    40.000     32.750     -0.014
    40.000     66.200     -0.103
    40.000     66.400      0.073
    40.000    119.500      0.422
    39.789   -105.033      0.242
    39.900    -89.000     -0.327
    39.750    -84.250     -0.082
    39.800    -75.650      0.041
    39.750     66.900      0.343
    39.700    118.150     -0.533
    39.600   -119.800      0.275
    39.320    -84.540      0.155
    39.340    -76.720      0.395
    39.080    -94.680     -0.051
    39.100    117.309      0.467
    39.100    125.700     -0.623
    38.943    -77.086      0.289
    39.000    121.500      0.327
    38.900   -104.800     -0.561
    38.900    115.450      0.244
    38.660   -121.400     -0.327
    38.690    -90.390      0.251
    38.800     -9.250      0.867
    38.600     68.700      0.035
    38.500     27.200      0.661
    38.300    -85.750      0.173
    38.300    140.800      0.048
    38.133    114.467      0.632
    38.067     23.667     -0.108
    38.000   -122.400     -0.252
    38.000   -122.100      0.479
    38.000   -121.300      0.326
    37.860    112.460      0.009
    37.750   -122.500     -0.276
    37.700   -121.000      0.649
    37.700    -97.400     -0.175
    37.614    126.971      0.117
    37.600    -77.500     -0.142
    37.600     15.000      0.247
    37.600    121.300     -0.079
    37.600    126.600      0.350
    37.500    112.000      0.188
    37.360   -121.980     -0.183
    37.300    127.000     -0.245
    37.100    -76.400     -0.447
    37.100    114.450     -0.011
    36.850   -119.800     -0.070
    36.867    -76.267     -0.222
    36.750    117.950      0.421
    36.800    137.000     -0.555
    36.700    101.700     -0.255
    36.700    116.900     -0.227
    36.700    119.100      0.011
    36.600    136.600     -0.199
    36.400     43.100     -0.116
    36.400     59.500      0.988
    36.400    120.350      0.316
    36.400    127.300     -0.054
    36.350    139.200      0.156
    36.400    140.400      0.226
    36.200   -115.217     -0.412
    36.300    137.900     -0.145
    35.774    139.568     -0.005
    36.150    -95.950     -0.294
    36.200    -86.800      0.558
    36.200    120.400      1.023
    36.100    140.100      0.084
    35.900    -78.700     -0.281
    35.900    128.500      0.585
    35.750     51.350      0.745
    35.700    138.500     -0.251
    35.650    140.100      0.077
    35.600    129.300      0.512
    35.500    -97.600      0.389
    35.224    136.838      0.297
    35.400   -119.100      0.483
    35.300    -80.900      0.216
    35.300    113.200      0.197
    35.300    115.400     -0.449
    35.200   -106.700      0.303
    35.133    -89.967     -0.250
    35.200     33.300      0.134
    35.120    118.240      0.366
    35.200    128.950      0.546
    35.100    -79.000      0.104
    34.780    135.500      0.373
    34.900    117.500      0.045
    34.800    -92.300     -0.002
    34.800    113.650      0.358
    34.800    134.900      0.024
    34.800    137.300      0.243
    34.800    137.700     -0.269
    34.700    112.400      0.379
    34.700    133.900     -0.123
    34.650    135.700      0.364
    34.600    133.700      0.285
    34.500    132.400     -0.088
    34.350    108.825      0.517
    34.036   -118.033      0.042
    34.300    117.150      0.317
    33.929    -84.379      0.241
    34.100    -81.000     -0.251
    34.000     35.600     -0.415
    34.000    118.200      0.334
    33.900    130.700      0.196
    33.900    132.700     -0.146
    33.800   -117.000     -0.191
    33.800   -116.400     -0.376
    33.800    113.200     -0.227
    33.541   -112.094      0.063
    33.700     73.000     -0.355
    33.600     -7.700     -0.511
    33.600     36.300      1.222
    33.600    130.350     -0.042
    33.600    133.500      0.062
    33.367     44.333      0.469
    33.400    120.100     -0.315
    33.200   -117.250      0.431
    32.915    -97.000      0.086
    33.000    117.300      0.623
    32.760   -117.100     -0.118
    32.900     13.100      0.607
    32.900    130.700      0.234
    32.700     51.600      0.116
    32.500    -99.800     -0.238
    32.500    -93.800      0.149
    32.500    -85.000      0.403
    32.400    -90.200      0.087
    32.400    -86.300      0.055
    32.250   -111.000      0.095
    32.150     34.800     -0.733
    32.100    112.100      0.647
    32.067    118.767      0.096
    32.000     35.900      0.246
    32.000    120.200      0.157
    31.933    120.433     -0.047
    31.900     47.100     -0.362
    31.867    117.233      0.048
    31.800   -106.450      0.884
    31.536    120.343      0.133
    31.700     -8.100     -0.767
    31.700    120.700     -0.045
    31.600    -97.200      0.089
    31.533     74.267     -0.159
    31.500     73.000      0.240
    31.258    121.346     -0.113
    30.717    103.983      0.561
    30.800    120.700     -0.035
    30.667    114.300      0.286
    30.500    -91.200      0.110
    30.500    -87.300      0.533
    30.350    -97.800      0.067
    30.367    -81.633     -0.321
    30.278    120.267      0.137
    30.150     31.250      0.561
    29.810    -95.420      0.120
    30.100    121.100     -0.264
    30.000    -90.150     -0.301
    29.950    121.550      0.138
    29.633    106.467      0.300
    29.550    -98.550      0.562
    28.675     77.162      0.075
    28.600    -81.429      0.026
    28.700    115.900      0.061
    28.050    -82.800      0.015
    28.033    -82.467     -0.080
    28.100    -80.700     -0.299
    27.900    113.100      0.122
    27.500    -82.600     -0.249
    26.700    -81.900      0.108
    26.180    -80.273     -0.034
    26.500     50.000     -0.384
    26.500     80.300      0.131
    26.300    127.700     -0.116
    26.200    -81.800     -0.369
    26.100    119.250      0.311
    25.750   -100.400      0.061
    25.500     81.800      0.243
    25.450    119.000      0.153
    25.300     55.300     -0.845
    25.200     75.800      0.986
    25.100    102.650      0.318
    25.050    121.200      0.089
    25.100    121.450     -0.140
    24.933     67.033      0.245
    24.833    118.500      0.401
    24.760     46.680      0.206
    24.250    120.600     -0.192
    23.567    116.517      0.089
    23.018    113.145      0.156
    23.300     77.400      0.483
    23.300    116.350     -0.222
    23.100     72.550     -0.021
    23.038    113.763      0.245
    23.100    120.200      0.395
    22.800     75.800     -0.027
    22.700     88.300      0.100
    22.800    113.800     -0.055
    22.700    114.025      0.275
    22.800    114.300      0.127
    22.700    110.100      0.438
    22.700    120.300      0.086
    22.300    -97.900     -0.100
    22.200   -101.000     -1.155
    21.500     39.200     -0.659
    21.400   -158.000      0.176
    21.100    105.800      0.312
    20.900    106.600     -0.114
    20.700   -103.400      0.293
    19.443    -99.171      0.014
    19.200     72.800      0.144
    19.100    -98.300      0.357
    18.600    -72.300     -0.905
    18.600     73.800      0.264
    17.450     78.450     -0.125
    16.900     96.100      0.418
    15.667     32.467      0.148
    14.700    121.000      0.676
    13.836    100.500      0.012
    13.067     80.133      0.329
    13.000     77.550      0.306
    12.700     -8.000      0.020
    12.400     -1.600      1.291
    10.900    106.675      0.747
    10.700    -71.700      0.073
    10.000    -84.100      0.720
     8.400    -62.700     -0.096
     7.400      3.900      1.436
     6.750     -1.700      1.000
     6.620      3.260      0.308
     6.400      5.600      0.082
     5.700     -0.250     -0.255
     5.600      5.700      0.112
     5.400     -4.100      0.259
     5.400    100.400      0.111
     4.700    -74.200      0.599
     4.100      9.700      0.470
     3.600     98.600      0.579
     3.100    101.575      0.131
     2.300    102.200      0.718
     1.475    103.800      0.226
     1.600    110.300      0.271
     0.400     32.500      1.385
    -0.900    -78.700     -0.552
    -1.300    -48.500      0.046
    -1.600    -78.700      0.050
    -2.900    104.700      0.159
    -3.000    -60.000     -0.033
    -3.700    -38.600      0.020
    -4.250     15.200      1.345
    -5.100    119.400      0.526
    -6.206    106.769      0.433
    -6.800     39.200      0.196
    -7.100    -34.900      0.279
    -7.250    112.700      0.385
    -7.900    112.600      0.279
    -8.000    -35.000      0.570
    -8.300    113.500     -0.269
    -8.800     13.200     -0.003
   -11.960    -77.060     -0.455
   -12.200    -39.000     -0.043
   -12.900    -38.500      0.427
   -15.800    -48.100     -0.481
   -16.650    -49.300      0.148
   -17.800     31.000      0.426
   -19.700    -48.000     -0.403
   -19.867    -44.100     -0.080
   -20.300    -40.400     -0.015
   -20.400    -54.700      0.232
   -22.300    -47.000     -0.403
   -22.700    -47.700      0.222
   -22.700    -47.400     -0.155
   -22.820    -47.160     -0.056
   -22.780    -43.400      0.112
   -22.800    -43.100     -0.222
   -22.900    -43.700      0.193
   -23.400    -47.500     -0.118
   -23.494    -46.625     -0.017
   -23.900    -46.400     -0.540
   -24.900    -53.500     -0.184
   -25.300    -57.600      0.678
   -25.400    -49.300      0.296
   -25.500     28.000      0.623
   -25.700     28.150      0.961
   -26.145     27.991      1.167
   -26.200     28.400      0.184
   -27.460    152.980      0.234
   -27.900    153.300     -0.030
   -29.100    -51.200     -0.064
   -29.700    -51.200      0.416
   -29.950    -51.200      0.246
   -31.350    -64.250      0.148
   -31.500    -68.550     -0.159
   -31.700    -52.400      0.290
   -31.920    115.840      0.383
   -32.867    -68.867      0.190
   -32.900    151.600     -0.322
   -33.000    -68.600     -0.186
   -33.425    -70.700      0.550
   -33.763    150.925      0.023
   -33.933     18.533      0.456
   -33.900     25.500      1.238
   -34.100    -70.800     -0.007
   -34.583    -58.617      0.041
   -34.840    138.540      0.310
   -34.800    -56.200      0.140
   -36.900    174.800      1.181
   -37.800    145.033      0.485
   -38.700    -62.300      0.088
   -38.900    -68.100     -1.052
