    60.300     24.900      0.177
    59.980     30.300      0.633
    57.200     65.500      0.025
    57.100      9.900     -0.047
    57.000     24.050      0.140
    56.900     53.200     -0.189
    56.900     60.550     -0.175
    56.350     43.800     -0.173
    56.200     10.100      0.017
    56.100     92.950      0.537
    55.800     37.564      0.307
    55.900     -4.300      0.013
    55.700     12.350      0.056
    55.200     61.400      0.112
    55.100     82.900      0.228
    55.000     -1.550      0.200
    55.000     73.350      0.396
    54.600     -1.300      0.566
    53.800     -1.600     -0.218
    53.600   -113.550      0.523
    53.600     10.000     -0.011
    53.500     -3.000      0.333
    53.500     -2.250     -0.033
    53.400     -6.350      0.330
    53.400     83.700      0.117
    53.300     34.300     -0.205
    53.300     50.200      0.208
    53.200     23.100     -0.144
    53.100      8.800      0.154
    53.000     -1.200      0.472
    53.000     36.000      0.073
    52.533     -2.000      0.566
    52.550     13.400      0.127
    52.500     16.900      0.157
    52.400      4.600     -0.146
    52.400      4.800     -0.062
    52.400      9.700      0.138
    52.300     21.000      0.008
    52.200     11.600      0.418
    52.100      4.300      0.070
    52.000      4.100      0.155
    51.950      4.550      0.038
    52.000      7.600     -0.392
    51.900      4.300      0.225
    51.800     19.450      0.275
    51.800     36.100     -0.045
    51.700      4.800      0.312
    51.700     39.200      0.151
    51.550     -0.200      0.593
    51.246      6.908      0.200
    51.550      7.500      0.137
    51.600     45.900      0.277
    51.500      0.300     -0.210
    51.500      5.400     -0.207
    51.400      6.100      0.034
    51.400     12.300     -0.222
    51.267      4.333      0.000
    51.200     71.400      0.131
    51.067   -114.133     -0.006
    51.100      3.700     -0.774
    51.100     13.700     -0.400
    50.900      4.350      0.377
    50.700      3.000      0.194
    50.700      5.500      0.130
    50.500      3.800     -0.134
    50.500      4.400      0.269
    50.500     30.450      0.061
    50.400     18.850     -0.597
    50.300     19.100     -0.351
    50.133      8.417      0.021
    50.100     14.450      0.503
    50.100     15.700      0.185
    50.100     18.400      0.043
    50.100     19.900     -0.005
    50.000     36.200      0.342
    49.900    -97.200     -0.069
    49.900     18.250      0.338
    49.900     18.500      0.157
    49.900     24.000     -0.292
    49.500      1.000     -0.258
    49.500      8.300      0.366
    49.500      8.500     -0.035
    49.450     11.000      0.147
    49.350      6.100     -0.355
    49.350      6.750      0.028
    49.250   -123.150     -0.104
    49.250   -122.900      0.095
    49.100      8.300     -0.266
    48.892      2.315      0.704
    49.000     38.400     -0.003
    48.850      9.200      0.229
    48.800     44.500     -0.208
    48.600      7.700      0.143
    48.600     12.100     -0.080
    48.600     38.600     -0.022
    48.500   -123.400      0.300
    48.500     35.000     -0.068
    48.400     38.000      0.414
    48.267     16.333      0.524
    48.200     11.450     -0.016
    48.200     17.100      0.246
    48.200     33.500     -0.115
    48.075     37.750     -0.010
    47.950     33.350      0.243
    47.900   -122.300      0.719
    47.900     35.100     -0.410
    47.450   -122.367      0.595
    47.700   -122.200     -0.236
    47.700   -117.300     -0.088
    47.525     19.075      0.327
    47.500     -0.600      0.086
    47.400      8.500      0.247
    47.400    123.900     -0.346
    47.300     39.650      0.285
    47.200   -122.600      0.610
    47.200     37.500     -0.480
    47.100     15.400      0.009
    46.900    -71.300     -0.123
    46.400     48.000      0.366
    46.300   -119.250      0.284
    45.800      4.850      0.147
    45.767    126.633      0.356
    45.600   -122.643      0.575
    45.700      8.750     -0.388
    45.586      9.143      0.399
    45.583    -73.700      0.406
    45.450    -75.750      0.356
    45.008    -93.317      0.168
    45.100      7.550     -0.068
    45.100     41.900      0.231
    44.900     -0.650      0.313
    44.500     12.200     -0.149
    44.500     26.050      0.761
    44.300    -88.500      0.530
    44.100   -123.100     -0.033
    44.000      4.800     -0.193
    43.933    125.267      0.177
    43.791    -79.518     -0.125
    43.900     11.100     -0.199
    43.900    126.500     -0.258
    43.333     76.867      0.720
    43.100    -88.050     -0.351
    43.200    -77.700      0.091
    43.133    141.333      0.137
    43.100    -76.200     -0.019
    43.000    -85.700     -0.424
    43.000    -82.500      0.138
    43.000    -78.850      0.004
    42.800    -84.600     -0.444
    42.800    -71.500      0.077
    42.496    -83.235      0.225
    42.700    -73.800     -0.436
    42.480    -71.200     -0.040
    42.300    -89.100     -0.367
    41.873    -87.906      0.023
    42.200    -72.600     -0.232
    42.200     24.700     -0.012
    41.850    -71.500     -0.151
    41.900     12.400     -0.577
    41.900     59.900      0.510
    41.825    123.325      0.192
    41.900    123.850      0.072
    41.800    -72.700     -0.455
    41.700    -83.650      0.208
    41.600    -88.200      0.180
    41.520    -81.720      0.155
    41.600      2.050      0.653
    41.400      2.000      0.381
    41.367     69.233      0.871
    41.300    -96.050      0.072
    41.300    -73.100      0.493
    41.233    123.000      0.128
    41.200     -8.600      0.146
    41.200    122.000     -0.175
    41.100    -80.700     -0.118
    40.814    -74.010      0.273
    41.100     28.600      0.558
    41.033     29.050      0.372
    40.933     14.350      0.335
    40.700   -111.975      0.047
    40.800     72.300      0.956
    40.800    120.800      0.606
    40.700    -75.400      0.380
    40.700    109.750      0.220
    40.600   -105.100     -0.445
    40.575     70.950      0.718
    40.467    -80.000     -0.032
    40.450     -3.750      0.722
    40.500     49.900      0.034
    40.500     71.650     -0.190
    40.400    -76.000     -0.291
    40.088    -75.132      0.006
    40.350    -74.100     -0.117
    40.300   -111.700     -0.101
    40.300    -76.900      0.164
    40.200     44.400     -0.204
    39.942    116.292     -0.077
    40.040    -83.020     -0.039
    40.100    -74.200     -0.427
    40.100    113.200      0.138
    39.850    -86.200     -0.010
    40.000     32.750      0.187
    40.000     66.200     -0.016
    40.000     66.400     -0.196
    40.000    119.500      0.246
    39.789   -105.033      0.051
    39.900    -89.000      0.212
    39.775    -84.225     -0.252
    39.800   -121.900     -0.401
    39.800    -75.650     -0.113
    39.750     66.900      0.673
    39.700    118.150      0.672
    39.600   -119.800     -0.064
    39.320    -84.540     -0.110
    39.340    -76.720     -0.127
    39.080    -94.680      0.006
    39.100    117.309     -0.115
    39.100    125.700      0.032
    38.943    -77.086     -0.071
    39.000    121.500     -0.219
    38.900   -104.800     -0.135
    38.900    115.450     -0.092
    38.660   -121.400      0.061
    38.690    -90.390     -0.053
    38.800     -9.250     -0.044
    38.600     68.700      0.435
    38.500     27.200      0.092
    38.300    -85.750      0.147
    38.300    140.800      0.378
    38.133    114.467      0.417
    38.067     23.667     -0.058
    38.000   -122.400      0.089
    38.000   -122.100      0.065
    38.000   -121.300     -0.426
    37.860    112.460      0.158
    37.750   -122.500     -0.094
    37.700   -121.000     -0.051
    37.700    -97.400      0.208
    37.622    126.900      0.178
    37.600   -122.100      0.399
    37.600    -77.500     -0.539
    37.600     15.000      0.460
    37.600    121.300      0.029
    37.500    112.000      0.043
    37.360   -121.980     -0.401
    37.300    127.000     -0.203
    37.100    -76.400     -0.199
    37.100    114.450     -0.183
    36.850   -119.800      0.600
    36.880    -76.260     -0.032
    36.750    117.950      0.029
    36.800    137.000     -0.180
    36.700    101.700     -1.025
    36.700    116.900     -0.012
    36.700    119.100      0.311
    36.600    136.600     -0.209
    36.400     43.100      0.255
    36.400    120.350      0.408
    36.400    127.300     -0.355
    36.350    139.200      0.090
    36.400    140.400     -0.258
    36.200   -115.217      0.066
    36.300    137.900     -1.022
    35.774    139.568      0.306
    36.150    -95.950      0.314
    36.200    -86.800      0.054
    36.200    120.400     -0.311
    36.100    140.100      0.093
    35.900    -78.700     -0.236
    35.900    128.500      0.903
    35.750     51.350      0.406
    35.700    138.500      0.181
    35.650    140.100     -0.010
    35.600    129.300      0.441
    35.500    -97.600     -0.166
    35.224    136.838      0.197
    35.400   -119.100     -0.319
    35.300    -80.900      0.559
    35.300    113.200     -0.002
    35.300    115.400     -0.170
    35.200   -106.700     -0.441
    35.133    -89.967      0.119
    35.200     33.300     -0.096
    35.120    118.240      0.501
    35.200    128.950      0.033
    35.100    -79.000     -0.199
    34.762    135.538      0.201
    34.900    117.500      0.602
    34.800    -92.300     -0.121
    34.800    113.650      0.297
    34.800    134.900     -0.011
    34.800    137.300     -0.100
    34.800    137.700     -0.121
    34.700    112.400      0.231
    34.700    133.900     -0.254
    34.600    133.700     -0.264
    34.500    132.400      0.223
    34.350    108.825      0.401
    34.032   -118.032      0.145
    34.300    117.150      0.284
    33.938    -84.377      0.060
    34.100    -81.000     -0.036
    34.000     35.600     -0.173
    34.000    118.200      0.329
    33.900    130.700     -0.465
    33.900    132.700      0.538
    33.800   -117.000      0.726
    33.800   -116.400     -0.093
    33.800    113.200      0.359
    33.541   -112.094      0.305
    33.700     73.000      0.099
    33.600     -7.700     -0.024
    33.600     36.300      1.008
    33.600    130.350     -0.360
    33.600    133.500     -0.204
    33.500    -94.100     -0.164
    33.367     44.333      0.216
    33.400    120.100     -0.286
    33.200   -117.250      0.519
    32.929    -96.986     -0.051
    33.000    117.300      0.440
    32.760   -117.100     -0.196
    32.900     13.100     -0.006
    32.900    130.700     -0.209
    32.700     51.600     -1.141
    32.700    117.000      0.738
    32.500    -99.800      0.317
    32.500    -93.800     -0.476
    32.400    -90.200     -0.430
    32.400    -86.300     -0.032
    32.250   -111.000      0.023
    32.150     34.800     -0.403
    32.100    112.100      0.205
    32.067    118.767      0.058
    32.000     35.900      0.512
    32.000    120.200      0.060
    31.933    120.433      0.094
    31.900     47.100      0.238
    31.867    117.233      0.118
    31.588    120.271      0.112
    31.800   -106.450     -0.165
    31.700     -8.100      0.713
    31.700    120.700      0.354
    31.600    -97.200      0.240
    31.533     74.267     -0.179
    31.500     73.000      0.181
    31.265    121.323     -0.060
    30.717    103.983      0.401
    30.800    120.700     -0.118
    30.667    114.300     -0.231
    30.500    -91.200      0.504
    30.500    -87.300     -0.391
    30.350    -97.800      0.118
    30.367    -81.633     -0.192
    30.260    120.300      0.132
    30.300    121.200      0.108
    30.150     31.250     -0.690
    29.805    -95.410      0.003
    30.100    121.100      0.607
    30.000    -90.150     -0.351
    29.950    121.550      0.068
    29.633    106.467      0.108
    29.560    -98.520      0.289
    28.660     77.170      0.117
    28.600    -81.429      0.054
    28.700    115.850     -0.185
    28.050    -82.800      0.185
    28.033    -82.467     -0.116
    28.100    -80.700     -0.295
    27.900    113.100      0.343
    27.500    -82.600     -0.082
    26.700    -81.950     -0.178
    26.180    -80.273     -0.344
    26.500     50.000      0.384
    26.500     80.300      0.105
    26.300    127.700      0.350
    26.200    -81.800      0.032
    26.100    119.250      0.148
    25.750   -100.400      0.610
    25.500     81.800     -0.397
    25.450    119.000     -0.024
    25.400     51.400     -0.925
    25.300     55.300     -0.020
    25.200     75.800     -0.252
    25.100    102.650      0.302
    25.050    121.200      0.064
    25.100    121.450      0.212
    24.933     67.033      0.323
    24.833    118.500     -0.166
    24.760     46.680     -0.347
    24.600    117.900     -0.131
    24.250    120.600     -0.099
    23.567    116.517     -0.105
    23.018    113.145      0.148
    23.300     77.400     -0.105
    23.300    116.350     -0.252
    23.100     72.550      0.067
    23.038    113.763      0.034
    23.100    120.200     -0.311
    22.800     75.800     -0.309
    22.700     88.300     -0.279
    22.800    113.800     -0.073
    22.700    114.025     -0.037
    22.800    114.300      0.068
    22.700    110.100      0.220
    22.700    120.300     -0.213
    22.300    -97.900     -1.153
    22.200   -101.000     -0.751
    21.500     39.200      1.156
    21.400   -158.000      0.727
    21.200     72.800      0.156
    21.100    105.800      0.229
    20.900    106.600     -0.200
    20.700   -103.400     -0.617
    19.700    -99.200      0.414
    19.443    -99.171      0.082
    19.200     72.800      0.091
    19.100    -98.300      0.112
    18.600    -72.300      0.186
    18.600     73.800     -0.755
    17.450     78.450      0.202
    16.900     96.100      0.461
    15.667     32.467      0.338
    14.700    121.000      0.438
    13.836    100.500      0.300
    13.067     80.133     -0.051
    13.000     77.550      0.313
    12.700     -8.000     -0.045
    12.400     -1.600     -0.350
    10.900    106.675      0.800
    10.700    -71.700      0.631
    10.000    -84.100      0.555
     8.400    -62.700      0.293
     7.400      3.900      0.851
     6.750     -1.700      0.798
     6.650      3.250      0.177
     6.400      5.600      0.240
     5.700     -0.200     -0.432
     5.600      5.700      0.076
     5.433     -4.067      0.312
     5.400    100.400      0.220
     4.700    -74.200      0.755
     4.100      9.700     -0.178
     3.600     98.650      0.366
     3.100    101.575      0.139
     2.300    102.200      0.433
     1.475    103.800     -0.051
     1.600    110.300      0.013
     0.400     32.500      0.848
    -0.900    -78.700     -0.499
    -1.300    -48.500      0.125
    -1.600    -78.700     -0.241
    -2.900    104.700      0.079
    -3.000    -60.000     -0.014
    -3.700    -38.600     -0.260
    -4.250     15.200      1.065
    -5.100    119.400      0.255
    -6.206    106.769      0.128
    -6.800     39.200     -0.035
    -7.100    -34.900      0.423
    -7.250    112.700      0.035
    -7.900    112.600     -0.336
    -8.000    -35.000     -0.079
    -8.800     13.200      0.683
   -11.960    -77.060     -1.639
   -12.200    -39.000     -0.551
   -12.900    -38.500      0.409
   -15.800    -48.100      0.068
   -16.650    -49.300      0.167
   -17.800     31.000      0.696
   -19.700    -48.000      0.414
   -19.867    -44.100      0.336
   -20.300    -40.400      0.161
   -20.400    -54.700      0.029
   -22.300    -47.000      0.126
   -22.700    -47.700      0.108
   -22.700    -47.400     -0.016
   -22.820    -47.160     -0.056
   -22.800    -43.375      0.139
   -22.800    -43.100     -0.053
   -22.900    -43.700     -0.136
   -23.400    -47.500      0.561
   -23.500    -46.607      0.189
   -23.900    -46.400     -0.021
   -24.900    -53.500      0.211
   -25.300    -57.600     -0.382
   -25.400    -49.300     -0.253
   -25.500     28.000     -0.186
   -25.700     28.150      0.693
   -26.133     27.983      0.685
   -26.200     28.400      0.087
   -27.460    152.980      0.393
   -27.900    153.300      0.144
   -29.700    -51.200      0.072
   -29.900    -71.300     -0.383
   -29.950    -51.200      0.194
   -31.350    -64.250      0.023
   -31.500    -68.550      0.235
   -31.700    -52.400     -0.472
   -31.920    115.840      0.448
   -32.867    -68.867      0.644
   -32.900    151.600      0.677
   -33.000    -68.600      0.279
   -33.425    -70.700      0.786
   -33.763    150.925      0.319
   -33.933     18.533      0.918
   -33.900     25.500     -0.241
   -34.100    -70.800     -0.182
   -34.573    -58.609      0.183
   -34.840    138.540      0.684
   -34.800    -56.200     -0.248
   -36.900    174.800      1.009
   -37.780    145.030      0.533
   -38.700    -62.300     -0.724
   -38.900    -68.100     -0.402
