    60.300     24.900     -0.017
    59.980     30.300      0.116
    57.200     65.500      0.141
    57.100      9.900     -0.306
    57.000     24.050      0.077
    56.900     53.200      0.258
    56.900     60.550      0.320
    56.350     43.800     -0.004
    56.200     10.100     -0.108
    56.100     92.950     -0.000
    55.800     37.564      0.654
    55.900     -4.300     -0.152
    55.700     12.350     -0.000
    55.200     61.400      0.207
    55.100     82.900     -0.171
    55.000     -1.550      0.186
    55.000     73.350      0.115
    54.600     -1.300      0.103
    53.800     -1.600     -0.208
    53.600   -113.550      0.265
    53.600     10.000      0.026
    53.500     -3.000      0.147
    53.500     -2.250      0.489
    53.400     -6.300      0.029
    53.400     83.700      0.542
    53.300     34.300     -0.063
    53.300     50.200     -0.057
    53.200     23.100     -0.225
    53.100      8.800      0.074
    53.000     -1.200      0.032
    52.533     -2.000      0.194
    52.550     13.400      0.088
    52.500     16.900      0.159
    52.400      4.600      0.021
    52.400      4.800      0.045
    52.400      9.700      0.217
    52.275     21.000      0.005
    52.200     11.600      0.270
    52.100      4.300      0.087
    52.000      4.100     -0.106
    51.950      4.550     -0.085
    52.000      7.600     -0.001
    51.900      4.300     -0.053
    51.800     19.400      0.194
    51.800     36.100      0.290
    51.700     39.200      0.374
    51.550     -0.200      0.389
    51.246      6.908      0.140
    51.600      7.500     -0.104
    51.600     45.900      0.056
    51.500      5.400      0.243
    51.400      6.100      0.119
    51.400     12.300     -0.034
    51.267      4.333      0.298
    51.200     71.400     -0.025
    51.067   -114.133      0.433
    51.100      3.700     -0.038
    51.100     13.700     -0.159
    50.900      4.350      0.358
    50.700      3.000     -0.007
    50.700      5.500     -0.249
    50.500      3.800     -0.102
    50.500     30.450     -0.124
    50.400     18.850      0.222
    50.300     19.100      0.183
    50.133      8.417      0.042
    50.100     14.450      0.496
    50.100     15.700      0.127
    50.100     18.400      0.207
    50.100     19.900     -0.059
    50.000     36.250      0.118
    49.900    -97.200      0.095
    49.900     18.250     -0.008
    49.900     18.500      0.070
    49.900     24.000      0.325
    49.500      1.000     -0.080
    49.500      8.300      0.553
    49.500      8.500      0.595
    49.450     11.000      0.055
    49.350      6.100     -0.045
    49.350      6.750     -0.048
    49.260   -123.020      0.161
    49.100      8.300      0.579
    48.892      2.315      0.540
    49.000     38.400     -0.191
    48.850      9.200      0.093
    48.800     44.500     -0.117
    48.600      7.700      0.345
    48.600     12.100     -0.100
    48.600     38.600     -0.255
    48.500   -123.400      0.147
    48.500     35.000      0.513
    48.400     38.000      0.357
    48.267     16.333      0.351
    48.200     11.450      0.101
    48.200     17.100      0.334
    48.200     33.500     -0.023
    48.075     37.750      0.046
    47.950     33.350     -0.146
    47.900   -122.300      0.180
    47.900     35.050     -0.139
    47.450   -122.367      0.259
    47.700   -122.200      0.013
    47.700   -117.300      0.300
    47.525     19.075      0.363
    47.500     -0.600      0.084
    47.400      8.500      0.032
    47.400    123.900      0.443
    47.300     39.650     -0.216
    47.200   -122.600      0.304
    47.200     37.500      0.216
    47.100     15.400     -0.029
    46.900    -71.300     -0.103
    46.400     48.000      0.154
    46.300   -119.250     -0.016
    45.800      4.850      0.286
    45.767    126.633      0.318
    45.600   -122.643      0.348
    45.700      8.750      0.220
    45.586      9.143      0.176
    45.583    -73.700     -0.010
    45.450    -75.750      0.259
    45.008    -93.317      0.002
    45.100      7.550      0.296
    45.100     38.900     -0.230
    45.100     41.900      0.509
    44.900     -0.650      0.314
    44.500     26.050      0.515
    44.300    -88.500     -0.271
    44.100   -123.100      0.292
    44.000      4.800     -0.107
    43.933    125.267      0.132
    43.780    -79.540      0.079
    43.900     11.100      0.160
    43.900    126.500      0.190
    43.333     76.867      0.483
    43.100    -88.050      0.194
    43.200    -77.700      0.193
    43.133    141.333      0.263
    43.100    -89.500      0.305
    43.100    -76.200     -0.086
    43.000    -85.700     -0.013
    43.000    -82.500      0.093
    43.000    -78.850     -0.362
    42.800    -84.600      0.235
    42.800    -71.500      0.122
    42.496    -83.235     -0.091
    42.700    -73.800     -0.210
    42.480    -71.200      0.044
    42.400    -71.600      0.070
    42.300    -89.100      0.065
    42.300    -71.800      0.234
    41.869    -87.894      0.047
    42.200    -72.600      0.046
    42.200     24.700      0.504
    41.850    -71.500      0.142
    41.900     12.400     -0.049
    41.900     59.900     -0.006
    41.833    123.367     -0.042
    41.900    123.850     -0.434
    41.800    -72.700     -0.163
    41.700    -83.650      0.261
    41.600    -88.200      0.645
    41.520    -81.720      0.289
    41.600      2.050      0.243
    41.400      2.000      0.135
    41.367     69.233      0.017
    41.300    -96.050     -0.162
    41.300    -73.100      0.442
    41.233    123.000      0.244
    41.200     -8.600     -0.120
    41.200    122.000      0.564
    41.100    -80.700      0.188
    40.828    -73.983      0.242
    41.100     28.600      0.348
    41.033     29.050      0.329
    40.933     14.350      0.067
    40.700   -111.975     -0.097
    40.800     72.300      0.267
    40.800    120.800      0.392
    40.700    -75.400      0.391
    40.700    109.750     -0.051
    40.600   -105.100      0.254
    40.567     70.900     -0.069
    40.467    -80.000     -0.054
    40.450     -3.750      0.576
    40.500     49.900     -0.397
    40.500     71.700     -0.461
    40.400    -76.000      0.496
    40.087    -75.117      0.025
    40.350    -74.100      0.093
    40.300   -111.700      0.016
    40.300    -76.900      0.113
    40.200     44.400     -0.315
    39.936    116.291     -0.028
    40.040    -83.020      0.475
    40.100    -74.200      0.027
    40.100    113.200     -0.478
    39.850    -86.200      0.086
    40.000     32.750      0.038
    40.000     66.200      0.133
    40.000     66.400      0.143
    40.000    119.500     -0.237
    39.789   -105.033      0.428
    39.900    -89.000     -0.406
    39.750    -84.250     -0.173
    39.800    -75.650      0.413
    39.750     66.900      0.107
    39.700    118.100     -0.407
    39.600   -119.800     -0.644
    39.320    -84.540      0.191
    39.340    -76.720     -0.123
    39.080    -94.680     -0.512
    39.100    117.256     -0.360
    39.100    117.600      0.463
    39.100    125.700     -0.147
    38.943    -77.086     -0.112
    39.000    121.500     -0.068
    38.900   -104.800      0.483
    38.900    115.450     -0.078
    38.660   -121.400      0.054
    38.690    -90.390      0.130
    38.800     -9.250      0.451
    38.600     68.700     -0.365
    38.500     27.200     -0.334
    38.300    -85.750      0.376
    38.300    140.800      0.007
    38.133    114.467      0.236
    38.067     23.667      0.023
    38.000   -122.400     -0.039
    38.000   -122.100     -0.123
    38.000   -121.300     -0.260
    37.860    112.460     -0.028
    37.750   -122.500      0.552
    37.700   -121.000     -0.317
    37.700    -97.400      0.678
    37.614    126.971     -0.051
    37.600    -77.500      0.124
    37.600     15.000     -0.147
    37.600    121.300      0.307
    37.600    126.600     -0.116
    37.500    112.000      0.070
    37.360   -121.980     -0.215
    37.300    127.000     -0.056
    37.100    -76.400     -0.241
    37.100    114.450      0.014
    36.850   -119.800     -0.032
    36.875    -76.225      0.155
    36.750    117.950      0.142
    36.800    137.000      0.124
    36.700    101.700      0.150
    36.700    116.900     -0.461
    36.700    119.100      0.430
    36.600    136.600      0.056
    36.400     43.100      0.233
    36.400     59.500     -0.860
    36.400    120.350      0.617
    36.400    127.300      0.766
    36.350    139.200      0.217
    36.400    140.400     -0.255
    36.200   -115.217     -0.312
    36.300    137.900     -0.359
    35.768    139.605      0.519
    36.150    -95.950     -0.002
    36.200    -86.800      0.047
    36.200    120.400     -0.579
    36.100    140.100      0.325
    35.900    -78.700      0.295
    35.900    128.500      0.188
    35.750     51.350      0.100
    35.700    138.500     -0.028
    35.600    129.300      0.595
    35.500    -97.600      0.323
    35.224    136.838      0.174
    35.400   -119.100      1.141
    35.300    -80.900      0.125
    35.300    113.200     -0.225
    35.300    115.400     -0.028
    35.200   -106.700      0.476
    35.133    -89.967      0.286
    35.200     33.300      0.051
    35.120    118.240     -0.099
    35.200    128.950      0.386
    35.100    -79.000      0.274
    34.780    135.500      0.398
    34.900    117.500      0.177
    34.800    -92.300      0.076
    34.800    113.650      0.059
    34.800    134.900      0.189
    34.800    137.300     -0.026
    34.800    137.700      0.019
    34.700    112.400      0.144
    34.700    133.900     -0.034
    34.650    135.700     -0.044
    34.600    133.700     -0.056
    34.500    132.400     -0.094
    34.350    108.825      0.260
    34.036   -118.033      0.318
    34.300    117.150     -0.412
    33.929    -84.379     -0.006
    34.100    -81.000      0.160
    34.000     35.600      0.324
    34.000    118.200      0.140
    33.900    130.700      0.411
    33.900    132.700     -0.191
    33.800   -117.000     -1.360
    33.800   -116.400     -0.671
    33.800    113.200      0.288
    33.541   -112.094      0.322
    33.700     73.000     -0.072
    33.600     -7.700     -0.467
    33.600     36.300     -0.132
    33.600    130.350      0.473
    33.600    133.500      0.215
    33.367     44.333      0.185
    33.400    120.100      0.040
    33.200   -117.250      0.404
    32.915    -97.000     -0.119
    33.000    117.300      0.024
    32.760   -117.100      0.140
    32.900     13.100     -0.090
    32.900    130.700     -0.327
    32.700     51.600     -0.365
    32.500    -99.800      0.400
    32.500    -93.800      0.171
    32.400    -90.200      0.273
    32.400    -86.300      0.082
    32.250   -111.000     -0.224
    32.150     34.800      0.998
    32.100    112.100     -0.015
    32.067    118.767      0.137
    32.000     35.900     -0.346
    32.000    120.200     -0.392
    31.933    120.433     -0.133
    31.900     47.100      0.180
    31.867    117.233     -0.133
    31.800   -106.450     -0.164
    31.536    120.343      0.032
    31.700     -8.100      0.664
    31.700    120.700      0.175
    31.600    -97.200      0.069
    31.533     74.267      0.321
    31.500     73.000     -0.418
    31.258    121.346     -0.136
    30.717    103.983      0.121
    30.800    120.700     -0.433
    30.667    114.300      0.222
    30.500    -91.200     -0.202
    30.500    -87.300      1.153
    30.350    -97.800     -0.253
    30.400    -81.650      0.171
    30.278    120.267     -0.104
    30.150     31.250     -0.544
    29.810    -95.420      0.202
    30.100    121.100     -0.024
    30.000    -90.150     -0.317
    29.950    121.550     -0.092
    29.633    106.467     -0.072
    29.550    -98.550      0.154
    28.675     77.162      0.009
    28.600    -81.429      0.106
    28.700    115.900     -0.171
    28.050    -82.800     -0.076
    28.033    -82.467      0.592
    28.100    -80.700     -0.164
    27.900    113.100      0.221
    27.500    -82.600      0.031
    26.700    -81.900      0.456
    26.180    -80.273     -0.055
    26.500     50.000     -0.158
    26.500     80.300      0.912
    26.300    127.700      0.115
    26.200    -81.800      0.237
    26.100    119.250     -0.128
    25.750   -100.400      0.718
    25.500     81.800     -0.277
    25.450    119.000      0.012
    25.300     55.300      0.011
    25.200     75.800     -0.588
    25.100    102.650      0.329
    25.050    121.200      0.403
    25.100    121.450     -0.174
    24.933     67.033     -0.624
    24.833    118.500      0.086
    24.760     46.680     -0.479
    24.250    120.600     -0.109
    23.567    116.517      0.285
    23.018    113.145      0.282
    23.300     77.400      0.352
    23.300    116.350     -0.295
    23.100     72.550     -0.331
    23.038    113.763      0.301
    23.100    120.200     -0.102
    22.800     75.800     -0.368
    22.700     88.300     -0.294
    22.800    113.800      0.561
    22.700    114.025     -0.140
    22.800    114.300     -0.058
    22.700    110.100      0.075
    22.700    120.300      0.063
    22.300    -97.900     -0.764
    22.200   -101.000     -0.416
    21.500     39.200      0.114
    21.400   -158.000      0.727
    21.100    105.800      0.480
    20.900    106.600     -0.303
    20.700   -103.400      0.589
    19.443    -99.171      0.398
    19.100    -98.300      0.318
    18.600    -72.300     -0.797
    18.600     73.800      0.407
    17.467     78.433     -0.148
    16.900     96.100     -0.130
    15.667     32.467      0.363
    14.700    121.000      0.703
    13.836    100.500     -0.299
    13.050     80.150     -0.352
    13.000     77.550     -0.204
    12.700     -8.000     -0.369
    12.400     -1.600      0.807
    10.900    106.675      0.244
    10.700    -71.700      0.820
    10.000    -84.100      0.281
     8.400    -62.700     -0.228
     6.750     -1.700      1.090
     6.620      3.260      0.576
     6.400      5.600      0.225
     5.700     -0.250     -0.052
     5.600      5.700     -0.155
     5.400     -4.100      0.251
     5.400    100.400      0.250
     4.700    -74.200      1.015
     4.100      9.700      0.296
     3.600     98.600      0.666
     3.100    101.575      0.177
     2.300    102.200      0.124
     1.475    103.800      0.251
     1.600    110.300      0.236
     0.400     32.500     -0.181
    -0.900    -78.700     -0.368
    -1.300    -48.500      0.209
    -1.600    -78.700     -0.434
    -2.900    104.700     -0.058
    -3.000    -60.000      0.080
    -3.700    -38.600      0.550
    -4.250     15.200      0.490
    -5.100    119.400      0.152
    -6.206    106.769      0.017
    -6.800     39.200      0.428
    -7.100    -34.900      0.534
    -7.250    112.700      0.422
    -7.900    112.600      0.382
    -8.000    -35.000      0.376
    -8.300    113.500      0.194
    -8.800     13.200      0.057
   -11.960    -77.060      0.252
   -12.200    -39.000      0.168
   -12.900    -38.500      0.926
   -15.800    -48.100      0.486
   -16.600    -49.300     -0.376
   -17.800     31.000      0.368
   -19.700    -48.000     -0.175
   -19.867    -44.100     -0.103
   -20.300    -40.400      0.352
   -20.400    -54.700      0.067
   -22.300    -47.000     -0.039
   -22.700    -47.700     -0.128
   -22.700    -47.400      0.208
   -22.800    -47.175      0.351
   -22.780    -43.400     -0.066
   -22.800    -43.100      0.334
   -23.400    -47.500     -0.084
   -23.494    -46.625      0.175
   -23.900    -46.400      0.288
   -24.900    -53.500     -0.224
   -25.300    -57.600      0.240
   -25.400    -49.300      0.024
   -25.500     28.000      0.001
   -25.700     28.150      0.613
   -26.145     27.991      0.873
   -26.200     28.400      0.601
   -27.460    152.980      0.234
   -27.900    153.300      0.003
   -29.100    -51.200      0.065
   -29.700    -51.200      0.042
   -29.900    -71.300      0.407
   -29.950    -51.200      0.191
   -31.350    -64.250      0.334
   -31.500    -68.550     -0.100
   -31.700    -52.400     -0.281
   -31.920    115.840     -0.357
   -32.867    -68.867      0.926
   -32.900    151.600      0.127
   -33.000    -68.600     -0.514
   -33.425    -70.700      0.402
   -33.763    150.925      0.263
   -33.933     18.533      0.340
   -33.900     25.500      0.065
   -34.100    -70.800      0.206
   -34.583    -58.617      0.443
   -34.840    138.540      0.192
   -34.800    -56.200     -0.314
   -36.900    174.800      1.400
   -37.800    145.033      0.183
   -38.700    -62.300      0.194
   -38.900    -68.100      0.131
