    60.300     24.900     -0.075
    59.980     30.300      0.429
    57.200     65.500      0.250
    57.100      9.900     -0.550
    57.000     24.050      0.310
    56.900     53.200      0.537
    56.900     60.550      0.251
    56.350     43.800      0.405
    56.200     10.100      0.188
    56.100     92.950      0.188
    55.800     37.564      0.417
    55.900     -4.300     -0.346
    55.700     12.400      0.251
    55.200     61.400      0.516
    55.100     82.900     -0.011
    55.000     -1.550      0.361
    55.000     73.350      0.339
    54.600     -1.300      0.381
    53.600   -113.550      0.018
    53.600     10.000     -0.016
    53.500     -3.000     -0.011
    53.500     -2.250      0.291
    53.400     -6.300      0.016
    53.400     83.700      0.312
    53.300     34.300     -0.427
    53.300     50.200      0.712
    53.100      8.800     -0.145
    53.000     -1.200     -0.136
    53.000     36.000      0.322
    52.533     -2.000      0.692
    52.550     13.400      0.153
    52.500     16.900     -0.042
    52.400      4.600      0.225
    52.400      4.800     -0.015
    52.400      9.700      0.285
    52.275     21.000      0.337
    52.200     11.600     -0.263
    52.100      4.300      0.027
    52.000      4.100     -0.195
    52.000      4.500     -0.154
    52.000      7.600      0.262
    51.900      4.300      0.084
    51.800     19.400      0.098
    51.800     36.100      0.045
    51.700     39.200      0.594
    51.560     -0.160      0.808
    51.260      6.904      0.335
    51.600     45.900     -0.127
    51.500      0.300      0.364
    51.500      5.400     -0.404
    51.400      6.100      0.361
    51.400     12.300     -0.173
    51.267      4.333     -0.292
    51.200     71.400     -0.324
    51.067   -114.133      0.268
    51.100      3.700     -0.643
    51.100     13.700     -0.281
    50.900      4.350      0.111
    50.700      3.000      0.040
    50.700      5.500     -0.314
    50.500      3.800      0.377
    50.500      4.400      0.219
    50.500     30.450      0.266
    50.400     18.850      0.447
    50.300     19.100      0.158
    50.133      8.417      0.146
    50.100     14.450      0.535
    50.100     15.700      0.399
    50.100     18.400     -0.275
    50.100     19.900     -0.073
    50.000     36.200      0.283
    49.900    -97.200      0.028
    49.900     18.200     -0.248
    49.900     18.500     -0.122
    49.900     24.000     -0.274
    49.500      1.000     -0.336
    49.500      8.300      0.299
    49.450     11.000      0.096
    49.350      6.100      0.138
    49.350      6.750      0.071
    49.260   -123.020      0.029
    49.100      8.300      0.445
    48.892      2.315      0.740
    49.000     38.400     -0.079
    48.800      9.200      0.273
    48.800     44.500      0.024
    48.600      7.700      0.465
    48.600     12.100      0.639
    48.600     38.600      0.072
    48.500   -123.400     -0.354
    48.500     35.000     -0.029
    48.400     38.000     -0.394
    48.267     16.333      0.427
    48.200     11.450      0.374
    48.200     17.100     -0.269
    48.200     33.500      0.180
    48.075     37.750      0.197
    47.950     33.350      0.087
    47.900   -122.300      0.484
    47.900     35.050     -0.193
    47.450   -122.367      0.501
    47.700   -122.200      0.063
    47.700   -117.300      0.287
    47.525     19.075      0.208
    47.500     -0.600      0.445
    47.400      8.500      0.457
    47.400    123.900     -0.468
    47.300     39.650      0.061
    47.200   -122.600      0.176
    47.200     37.500      0.269
    47.100     15.400     -0.038
    46.900    -71.300     -0.038
    46.400     48.000      0.310
    46.300   -119.250      0.124
    45.800      4.850      0.079
    45.800    126.650      0.659
    45.600   -122.667      0.383
    45.700      8.750     -0.233
    45.600      9.133      0.230
    45.583    -73.700      0.153
    45.450    -75.750     -0.380
    45.008    -93.317      0.198
    45.100      7.550      0.490
    45.100     38.900      0.520
    45.100     41.900     -0.076
    44.900     -0.650      0.238
    44.500     26.050      0.590
    44.300    -88.500      0.015
    44.100   -123.100     -0.018
    44.000      4.800      0.133
    43.778    -79.522      0.186
    43.900     11.100     -0.072
    43.900    125.250      0.331
    43.900    126.500      0.169
    43.333     76.867      0.655
    43.100    -88.050     -0.208
    43.200    -77.700      0.423
    43.133    141.333      0.389
    43.100    -89.500      0.463
    43.100    -76.200      0.413
    43.000    -85.700      0.169
    43.000    -82.500      0.314
    43.000    -78.850     -0.094
    42.800    -84.600     -0.122
    42.750    -73.850     -0.274
    42.800    -71.500     -0.086
    42.496    -83.235      0.045
    42.480    -71.200     -0.051
    42.400    -71.600      0.409
    42.300    -89.100      0.047
    42.300    -71.800     -0.600
    41.874    -87.894      0.214
    42.200    -72.600     -0.123
    42.200     24.700     -0.447
    41.850    -71.500      0.115
    41.900     12.400      0.070
    41.900     59.900     -0.337
    41.833    123.367      0.001
    41.900    123.850     -0.312
    41.800    -72.700     -0.282
    41.700    -83.650      0.251
    41.520    -81.720      0.278
    41.600      2.050      0.150
    41.400      2.000      0.115
    41.367     69.233      0.689
    41.300    -96.050     -0.073
    41.300    -73.100      0.328
    41.200     -8.600      0.000
    41.200    122.000      0.164
    41.200    122.950     -0.211
    41.100    -80.700      0.183
    40.820    -73.995      0.164
    41.100     28.600     -0.390
    41.033     29.050      0.246
    40.933     14.350      0.422
    40.700   -111.975     -0.125
    40.800     72.300      0.019
    40.800    120.800     -0.078
    40.700    -75.400     -0.447
    40.700    109.750     -0.063
    40.600   -105.100     -0.039
    40.567     70.900      0.361
    40.467    -80.000      0.197
    40.450     -3.750      0.325
    40.500     49.900      0.098
    40.500     71.650     -0.006
    40.400    -76.000     -0.023
    40.087    -75.117     -0.288
    40.350    -74.100      0.134
    40.300   -111.700      0.067
    40.300    -76.900     -0.033
    40.200     44.400      0.349
    39.936    116.291      0.270
    40.040    -83.020      0.272
    40.100    -74.200      0.130
    40.100    113.200      0.061
    39.850    -86.200      0.055
    40.000     32.750      0.063
    40.000     66.200      0.239
    39.789   -105.033      0.010
    39.900    -89.000      0.022
    39.733    -84.233      0.055
    39.800    -75.650     -0.182
    39.750     66.900      0.550
    39.700    118.100     -0.525
    39.600   -119.800     -0.475
    39.320    -84.540      0.247
    39.340    -76.720     -0.086
    39.080    -94.680     -0.119
    39.087    117.250     -0.145
    38.957    -77.129     -0.089
    39.100    117.600     -0.099
    39.100    125.700     -0.051
    39.000    121.500      0.144
    38.900   -104.800      0.544
    38.900    115.450      0.010
    38.660   -121.400     -0.364
    38.690    -90.390      0.099
    38.800     -9.250     -0.126
    38.600     68.700      0.123
    38.500     27.200      0.302
    38.300    -85.750     -0.149
    38.300    140.800      0.397
    38.133    114.467      0.628
    38.067     23.667     -0.364
    38.000   -122.400      0.301
    38.000   -122.100      0.432
    38.000   -121.300     -0.559
    37.860    112.460      0.185
    37.750   -122.500     -0.355
    37.700   -121.000     -0.869
    37.700    -97.400     -0.679
    37.556    126.933      0.092
    37.600    -77.500      0.598
    37.600     15.000      0.267
    37.600    121.300     -0.149
    37.600    126.600     -0.340
    37.500    112.000      0.257
    37.360   -121.980     -0.024
    37.100    -76.400      0.184
    37.100    114.450     -0.160
    36.850   -119.800     -0.218
    36.875    -76.225      0.382
    36.750    117.950     -0.133
    36.800    137.000     -0.259
    36.700    101.700      0.526
    36.700    116.900      0.526
    36.600    136.600     -0.049
    36.400     43.100      0.439
    36.400     59.500     -0.170
    36.400    120.350      0.257
    36.400    127.300      0.206
    36.350    139.200      0.413
    36.400    140.400     -0.476
    36.180   -115.220     -0.150
    36.300    137.900     -0.171
    35.777    139.562      0.294
    36.150    -95.950      0.031
    36.200    -86.800      0.003
    36.200    120.400      0.321
    36.100    140.100      0.006
    35.900    -78.700     -0.523
    35.900    128.500     -0.217
    35.750     51.350      0.149
    35.700    138.500      0.033
    35.650    140.100      0.031
    35.600    129.300      0.421
    35.500    -97.600      0.391
    35.224    136.838      0.140
    35.400   -119.100      0.163
    35.300    -80.900     -0.323
    35.300    113.200     -0.623
    35.200   -106.700      0.317
    35.133    -89.967     -0.222
    35.200     33.300      0.125
    35.100    118.225      0.401
    35.200    128.950     -0.026
    35.100    -79.000      0.108
    34.780    135.500      0.392
    34.900    117.500      0.160
    34.800    -92.300     -0.136
    34.800    113.650      0.251
    34.800    134.900      0.220
    34.800    137.300      0.247
    34.800    137.700      0.040
    34.700    112.400      0.289
    34.700    133.900      0.325
    34.650    135.700      0.156
    34.600    133.700      0.104
    34.500    132.400     -0.088
    34.350    108.825      0.622
    34.036   -118.033      0.098
    34.300    117.100      0.804
    33.929    -84.379      0.199
    34.000     35.600      0.778
    33.900    132.700     -0.145
    33.800   -117.000     -0.613
    33.800   -116.400     -0.575
    33.800    113.200      0.143
    33.533   -112.060      0.113
    33.700     73.000      0.376
    33.600     -7.700      0.008
    33.600     36.300      0.199
    33.600    130.350      0.153
    33.600    133.500      0.208
    33.500    -94.100     -0.528
    33.367     44.333      0.165
    33.200   -117.250     -0.330
    32.915    -97.000     -0.028
    32.900     13.100     -0.551
    32.900    130.700     -0.316
    32.725   -117.125      0.258
    32.700     51.600      0.000
    32.500    -99.800      0.442
    32.500    -93.800     -0.119
    32.400    -90.200      0.463
    32.400    -86.300     -0.497
    32.250   -111.000     -0.186
    32.150     34.800      0.179
    32.100    112.100      0.069
    32.067    118.767      0.152
    32.000     35.900     -0.677
    31.900     47.100     -0.756
    31.900    117.200      0.099
    31.833    119.933     -0.031
    31.900    120.500      0.435
    31.800   -106.450     -0.143
    31.444    120.500      0.182
    31.700    120.700      0.507
    31.600    -97.200      0.118
    31.533     74.267     -0.002
    31.500     73.000      0.207
    31.233    121.395      0.069
    31.400    120.950      0.103
    30.725    103.975      0.466
    30.667    114.300      0.283
    30.600    117.000     -0.364
    30.500    -91.200     -0.179
    30.500    -87.300      0.172
    30.350    -97.800      0.087
    30.400    -81.650      0.219
    30.300    120.300      0.002
    30.150     31.250     -0.576
    29.828    -95.417      0.006
    30.100    120.800      0.054
    30.100    121.100     -0.030
    30.000    -90.150      0.466
    29.950    121.550     -0.214
    29.800    -95.800      0.080
    29.550    -98.550      0.418
    29.600    106.450      0.241
    28.675     77.162      0.296
    28.600    -81.429     -0.235
    28.700    115.900     -0.052
    28.050    -82.800      0.131
    28.033    -82.467     -0.025
    28.100    -80.700     -0.157
    27.900    113.100      0.388
    27.500    -82.600     -0.324
    26.700    -81.900      0.218
    26.180    -80.273      0.046
    26.500     50.000      0.746
    26.500     80.300     -0.426
    26.200    -81.800      0.231
    26.100    119.250     -0.249
    25.750   -100.400      0.249
    25.500     81.800     -0.028
    25.450    119.000     -0.637
    25.200     75.800     -0.436
    25.100    102.600      0.139
    25.050    121.200      0.212
    25.100    121.450     -0.650
    24.933     67.033      0.400
    24.833    118.500      0.101
    24.760     46.680     -0.149
    24.250    120.600      0.006
    23.600    116.350     -0.030
    23.533    116.633      0.198
    23.022    113.135      0.242
    23.300     77.400      0.411
    23.300    116.350      0.081
    23.100     72.550      0.256
    23.038    113.763      0.136
    23.100    120.200      0.290
    22.800     75.800      0.394
    22.700     88.300     -0.171
    22.800    113.800     -0.167
    22.700    114.025      0.402
    22.800    114.300     -0.090
    22.700    110.100      0.406
    22.700    120.300     -0.107
    22.300    -97.900     -0.236
    22.200   -101.000     -0.403
    21.500     39.200     -0.952
    21.400   -158.000      0.443
    21.100    105.800      0.693
    20.900    106.600      0.341
    20.700   -103.400      0.599
    19.443    -99.171      0.039
    19.200     72.800      0.020
    19.100    -98.300      0.415
    18.600    -72.300     -0.275
    18.600     73.800     -0.884
    17.467     78.433      0.093
    16.900     96.100      0.165
    15.667     32.467      0.615
    14.700    121.000      0.333
    13.825    100.525     -0.005
    13.050     80.150     -0.089
    13.000     77.550      0.149
    12.700     -8.000     -0.258
    12.400     -1.600      0.274
    10.900    106.675      0.553
    10.700    -71.700      0.601
    10.000    -84.100      0.682
     8.400    -62.700      0.072
     6.800     -1.700      0.099
     6.620      3.260      0.100
     6.400      5.600      0.397
     5.700     -0.250      0.085
     5.600      5.700     -0.228
     5.400     -4.100      0.225
     5.400    100.400      0.332
     4.900      7.000      0.203
     4.700    -74.200      1.034
     4.100      9.700      0.045
     3.600     98.600      0.301
     3.100    101.575      0.135
     2.300    102.200      0.421
     1.600    110.300      0.484
     1.400    103.850      0.024
    -0.900    -78.700     -0.503
    -1.300    -48.500     -0.537
    -1.600    -78.700     -0.110
    -2.900    104.700      0.228
    -3.000    -60.000     -0.134
    -3.700    -38.600     -0.213
    -4.300     15.200      0.702
    -5.100    119.400      0.462
    -6.207    106.800      0.162
    -6.800     39.200      0.341
    -7.100    -34.900      0.691
    -7.250    112.700      0.051
    -7.900    112.600      0.188
    -8.000    -35.000      0.011
    -8.300    113.500      0.338
    -8.800     13.200     -1.890
   -11.960    -77.060      0.688
   -12.200    -39.000      0.198
   -12.900    -38.500      0.705
   -15.800    -48.100      0.218
   -16.600    -49.300     -0.048
   -17.700    -63.200      0.632
   -17.800     31.000      0.774
   -19.700    -48.000      0.051
   -19.867    -44.100      0.295
   -20.300    -40.400     -0.193
   -20.400    -54.700      0.156
   -22.300    -47.000     -0.048
   -22.700    -47.700     -0.051
   -22.700    -47.400      0.146
   -22.800    -47.175     -0.239
   -22.800    -43.375     -0.253
   -22.800    -43.100      0.080
   -22.900    -43.700     -0.156
   -23.400    -47.500      0.171
   -23.500    -46.607     -0.230
   -23.900    -46.400     -0.213
   -24.900    -53.500     -0.385
   -25.300    -57.600     -0.067
   -25.400    -49.300      0.480
   -25.500     28.000     -0.016
   -25.700     28.150      0.902
   -26.145     27.991      0.902
   -26.200     28.400      0.619
   -27.460    152.980      0.027
   -27.900    153.300      0.244
   -29.700    -51.200     -0.071
   -29.900    -71.300      0.945
   -29.950    -51.200     -0.129
   -31.350    -64.250      0.013
   -31.500    -68.550     -1.047
   -31.700    -52.400     -0.131
   -31.920    115.840      0.325
   -32.867    -68.867      0.279
   -32.900    151.600      0.825
   -33.000    -68.600     -0.198
   -33.425    -70.700      0.702
   -33.763    150.925      0.273
   -33.933     18.533      0.549
   -33.900     25.500     -0.421
   -34.100    -70.800      0.231
   -34.583    -58.617      0.144
   -34.840    138.540      0.219
   -34.800    -56.200      0.211
   -36.900    174.800      1.078
   -37.790    145.040      0.481
   -38.500    -58.800     -0.606
   -38.700    -62.300     -0.596
   -38.900    -68.100     -0.339
