    64.600     40.500      0.122
    60.300     24.900     -0.044
    59.980     30.300      0.384
    57.200     65.500      0.242
    57.100      9.900     -0.083
    57.000     24.050      0.157
    56.900     53.200      0.172
    56.900     60.550      0.172
    56.350     43.800      0.093
    56.200     10.100      0.129
    56.100     92.950      0.251
    55.800     37.564      0.428
    55.900     -4.300     -0.261
    55.700     12.350     -0.078
    55.200     61.400      0.550
    55.100     82.900      0.584
    55.000     -1.550     -0.182
    55.000     73.350     -0.087
    54.600     -1.300      0.086
    53.800     -1.600      0.282
    53.600   -113.550      0.132
    53.600     10.000      0.275
    53.500     -3.000      0.245
    53.500     -2.250      0.353
    53.400     -6.300     -0.251
    53.400     83.700      0.401
    53.300     34.300      0.061
    53.300     50.200      0.138
    53.200     23.100     -0.252
    53.100      8.800      0.323
    53.000     -1.200      0.059
    53.000     36.000     -0.188
    52.533     -2.000      0.208
    52.550     13.400      0.233
    52.500     16.900     -0.227
    52.400      4.600      0.276
    52.400      4.800     -0.035
    52.400      9.700      0.154
    52.300     21.000      0.248
    52.200     11.600     -0.031
    52.100     -0.800      0.148
    52.100      4.300      0.183
    52.000      4.567     -0.011
    52.000      4.100     -0.148
    52.000      7.600     -0.001
    51.900      4.300      0.016
    51.800     19.450      0.170
    51.800     36.100      0.347
    51.700      4.800     -0.116
    51.700     39.200      0.226
    51.550     -0.200      0.440
    51.246      6.908      0.167
    51.550      7.500      0.257
    51.600     45.900      0.112
    51.500      0.300      0.019
    51.500      5.400     -0.140
    51.400      6.100      0.074
    51.400     12.300     -0.050
    51.267      4.333     -0.061
    51.200     71.400     -0.137
    51.067   -114.133      0.096
    51.100      3.700     -0.283
    51.100      4.100     -0.074
    51.100     13.700     -0.012
    50.900      4.350      0.123
    50.700      3.000     -0.200
    50.700      5.500     -0.026
    50.500      3.800     -0.101
    50.500      4.400      0.068
    50.500     30.450      0.485
    50.400     18.850      0.206
    50.300     19.100      0.325
    50.133      8.417      0.446
    50.100     14.450      0.461
    50.100     15.700     -0.220
    50.100     18.400     -0.092
    50.100     19.950     -0.176
    50.000     36.200      0.078
    49.900    -97.200      0.129
    49.900     18.250      0.051
    49.900     18.500     -0.163
    49.900     24.000      0.162
    49.500      1.000     -0.178
    49.500      8.400      0.219
    49.450     11.000      0.078
    49.350      6.100      0.162
    49.350      6.750      0.050
    49.250   -123.150      0.186
    49.250   -122.900      0.265
    49.100      8.300      0.021
    48.892      2.315      0.675
    49.000     38.400      0.078
    48.850      9.200      0.110
    48.800     44.500      0.188
    48.600      7.700      0.350
    48.600     12.100     -0.282
    48.600     38.600      0.051
    48.500   -123.400      0.085
    48.500     35.000      0.454
    48.400     38.000      0.346
    48.267     16.333      0.265
    48.200     11.450     -0.055
    48.200     17.100      0.346
    48.200     33.500      0.104
    48.075     37.750      0.022
    47.950     33.350      0.206
    47.900   -122.300     -0.018
    47.900     35.100      0.229
    47.450   -122.367      0.267
    47.700   -122.200     -0.097
    47.700   -117.300      0.026
    47.525     19.075      0.025
    47.500     -0.600     -0.080
    47.400      8.500      0.419
    47.400    123.900     -0.085
    47.300     39.650     -0.043
    47.200   -122.600      0.510
    47.200     37.500     -0.133
    47.100     15.400     -0.065
    46.900    -71.300     -0.323
    46.400     48.000      0.084
    46.300   -119.250     -0.262
    45.800      4.850      0.427
    45.767    126.633      0.429
    45.600   -122.643      0.353
    45.700      8.750     -0.332
    45.586      9.143      0.198
    45.583    -73.700     -0.040
    45.450    -75.750      0.103
    45.008    -93.317      0.107
    45.100      7.550      0.208
    45.100     41.900     -0.029
    44.900     -0.650     -0.019
    44.500     12.200      0.041
    44.500     26.050      0.809
    44.300    -88.500      0.032
    44.100   -123.100     -0.059
    44.000      4.800     -0.037
    43.933    125.267     -0.172
    43.791    -79.518     -0.014
    43.900     11.100      0.158
    43.900     18.300      0.500
    43.900    126.500     -0.144
    43.500    -84.000     -0.070
    43.333     76.867      0.221
    43.100    -88.050     -0.152
    43.200    -77.700     -0.007
    43.133    141.333      0.396
    43.100    -89.500      0.624
    43.100    -76.200     -0.294
    43.000    -85.700      0.305
    43.000    -82.500      0.102
    43.000    -78.850     -0.136
    42.800    -84.600     -0.242
    42.800    -71.500      0.274
    42.500    -83.246      0.059
    42.700    -73.800      0.217
    42.480    -71.200      0.211
    42.300    -89.100     -0.016
    41.882    -87.921      0.096
    42.200    -72.600     -0.246
    42.200     24.700      0.237
    41.850    -71.500      0.100
    41.900     12.400     -0.350
    41.900     59.900      0.780
    41.825    123.325      0.324
    41.900    123.800      0.111
    41.800    -72.700      0.138
    41.700    -83.650      0.054
    41.600    -88.200     -0.195
    41.520    -81.720     -0.140
    41.600      2.050     -0.286
    41.400      2.000     -0.062
    41.367     69.233      0.771
    41.300    -96.050      0.282
    41.300    -73.100      0.016
    41.233    123.000      0.013
    41.200     -8.600      0.078
    41.200    122.000      0.008
    41.100    -80.700     -0.064
    40.814    -74.010     -0.020
    41.100     28.600      0.249
    41.033     29.050      0.096
    40.933     14.350      0.229
    40.700   -111.975      0.153
    40.800     72.300     -0.223
    40.800    120.800      0.077
    40.700    -75.400      0.225
    40.700    109.750     -0.024
    40.600   -105.100      0.231
    40.575     70.950     -0.136
    40.467    -80.000     -0.049
    40.450     -3.750      0.540
    40.500     49.900     -0.638
    40.500     71.650     -0.259
    40.400    -76.000     -0.192
    40.088    -75.132     -0.131
    40.350    -74.100      0.226
    40.300   -111.700      0.228
    40.300    -76.900      0.567
    40.200     44.400     -0.147
    39.942    116.292      0.213
    40.040    -83.020      0.115
    40.100    -74.200     -0.346
    40.100    113.200     -0.388
    39.850    -86.200      0.039
    40.000     32.750      0.312
    40.000     66.200      0.437
    40.000     66.400      0.007
    40.000    119.500     -0.055
    39.789   -105.033     -0.085
    39.900    -89.000     -0.262
    39.775    -84.225      0.018
    39.800   -121.900     -0.435
    39.767    -75.667      0.209
    39.750     66.900      0.543
    39.700    118.150      0.108
    39.600   -119.800     -0.447
    39.320    -84.540      0.125
    39.340    -76.720      0.115
    39.080    -94.680      0.149
    39.100    117.283     -0.014
    39.100    125.700     -0.339
    38.943    -77.086     -0.137
    39.000    121.500     -0.526
    38.900   -104.800      0.147
    38.900    115.450      0.445
    38.660   -121.400      0.038
    38.689    -90.389      0.087
    38.800     -9.250     -0.255
    38.600     68.700     -0.131
    38.500     27.200      0.166
    38.300    -85.750      0.342
    38.300    140.800      0.318
    38.133    114.467      0.067
    38.067     23.667      0.120
    38.000   -122.400     -0.468
    38.000   -122.100     -0.004
    38.000   -121.300     -0.359
    37.860    112.460      0.059
    37.750   -122.500     -0.010
    37.700   -121.000     -0.022
    37.700    -97.400      0.316
    37.622    126.900     -0.037
    37.600    -77.500     -0.082
    37.600     15.000      0.142
    37.600    121.300      0.235
    37.500    112.000     -0.007
    37.360   -121.980      0.124
    37.300    127.000     -0.433
    37.100    -76.400     -0.237
    37.100    114.450     -0.122
    36.850   -119.800      0.092
    36.880    -76.260      0.265
    36.750    117.950      0.195
    36.800    137.000     -0.322
    36.700    101.700     -0.474
    36.700    116.900      0.399
    36.700    119.100     -0.071
    36.600    136.600     -0.111
    36.400     43.100      0.406
    36.400    120.350      0.017
    36.400    127.300      0.362
    36.350    139.200      0.459
    36.400    140.400     -0.661
    36.200   -115.217     -0.167
    36.300    137.900     -0.418
    35.774    139.568      0.402
    36.150    -95.950     -0.198
    36.200    -86.800      0.178
    36.200    120.400     -0.044
    36.100    140.100      0.111
    35.900    -78.700     -0.577
    35.900    128.500      0.283
    35.750     51.350      0.160
    35.700    138.500      0.020
    35.650    140.100      0.161
    35.600    129.300      0.095
    35.500    -97.600      0.529
    35.232    136.841      0.223
    35.400   -119.100      0.395
    35.300    -80.900     -0.106
    35.300    113.200     -0.377
    35.300    115.400     -0.311
    35.200   -106.700      0.023
    35.133    -89.967     -0.025
    35.200     33.300      0.291
    35.120    118.240      0.249
    35.200    128.950     -0.339
    35.100    -79.000     -0.474
    34.762    135.538      0.202
    34.900    -82.400      0.424
    34.900    117.500      0.560
    34.800    -92.300      0.196
    34.800    113.650      0.203
    34.800    134.900     -0.131
    34.800    137.300      0.195
    34.800    137.700     -0.048
    34.700    112.400     -0.062
    34.700    133.900      0.320
    34.600    133.700      0.333
    34.500    132.400      0.107
    34.350    108.825     -0.048
    34.032   -118.032      0.138
    34.300    117.150      0.441
    33.938    -84.377      0.164
    34.100    -81.000     -0.232
    34.000     35.600      0.673
    34.000    118.200     -0.171
    33.900    130.700      0.199
    33.900    132.700      0.323
    33.800   -117.000     -0.576
    33.800   -116.400     -0.483
    33.800    113.200     -0.040
    33.541   -112.094     -0.444
    33.700     73.000     -0.015
    33.600     -7.700      0.445
    33.600     36.300      0.531
    33.600    130.350      0.170
    33.600    133.500     -0.431
    33.500    -94.100     -0.186
    33.367     44.333      0.293
    33.400    120.100     -0.088
    33.200   -117.250     -0.276
    32.927    -96.991      0.113
    33.000    117.300      0.362
    32.760   -117.100      0.546
    32.900     13.100     -0.650
    32.900    130.700      0.164
    32.700     51.600     -0.162
    32.700    117.000      0.213
    32.500    -99.800      0.745
    32.500    -93.800      0.181
    32.400    -90.200      0.095
    32.400    -86.300      0.455
    32.250   -111.000      0.465
    32.150     34.800      0.173
    32.200    119.400     -0.046
    32.100    112.100      0.334
    32.067    118.767     -0.099
    32.000     35.900     -0.110
    32.000    120.200      0.246
    31.933    120.433      0.172
    31.900     47.100     -0.269
    31.867    117.233     -0.046
    31.600    120.253     -0.002
    31.800   -106.450      0.343
    31.700     -8.100     -0.788
    31.700    120.700     -0.258
    31.600    -97.200      0.275
    31.533     74.267     -0.080
    31.500     73.000      0.234
    31.265    121.323      0.052
    30.717    103.983     -0.227
    30.800    120.700     -0.350
    30.667    114.300      0.038
    30.500    -91.200     -0.315
    30.500    -87.300      0.110
    30.275    120.317      0.038
    30.350    -97.800      0.170
    30.367    -81.633      0.177
    30.300    121.200      0.203
    30.150     31.250     -0.326
    29.805    -95.410      0.169
    30.100    121.100     -0.099
    30.000    -90.150     -0.210
    29.967    121.533      0.013
    29.633    106.467     -0.009
    29.560    -98.520      0.098
    28.660     77.170     -0.219
    28.600    -81.429      0.134
    28.700    115.850     -0.217
    28.050    -82.800      0.075
    28.200    112.900      0.487
    28.033    -82.467     -0.181
    28.100    -81.800      0.002
    28.100    -80.700     -0.411
    27.900    113.100      0.356
    27.500    -82.600     -0.023
    26.700    -81.950     -0.051
    26.180    -80.273     -0.176
    26.500     50.000     -0.443
    26.500     80.300      0.933
    26.300    127.700     -0.037
    26.200    -81.800     -0.135
    26.100    119.250     -0.229
    25.750   -100.400      0.178
    25.500     81.800      0.287
    25.450    119.000     -0.135
    25.400     51.400     -0.822
    25.300     55.300      0.446
    25.200     75.800      0.226
    25.100    102.650      0.645
    25.050    121.200      0.004
    25.100    121.450      0.223
    24.933     67.033     -0.989
    24.833    118.500      0.431
    24.760     46.680     -0.264
    24.600    117.900     -0.247
    24.250    120.600     -0.113
    23.567    116.517     -0.159
    22.988    113.142      0.157
    23.300     77.400     -0.474
    23.300    116.350     -0.060
    23.100     72.550      0.009
    23.038    113.763     -0.165
    23.100    120.200     -0.766
    22.800     75.800     -0.473
    22.700     88.300     -0.603
    22.800    113.800      0.276
    22.700    114.025      0.014
    22.800    114.300     -0.188
    22.700    110.100      0.230
    22.700    120.300      0.235
    22.300    -97.900     -0.429
    22.200   -101.000     -0.643
    21.500     39.200      1.324
    21.400   -158.000      0.479
    21.200     72.800     -0.142
    21.100    105.800      0.027
    20.900    106.600     -0.201
    20.700   -103.400      0.148
    19.700    -99.200      0.851
    19.443    -99.171      0.064
    19.200     72.800      0.194
    19.100    -98.300     -0.237
    18.600    -72.300      0.238
    18.600     73.800      1.142
    17.450     78.450      0.277
    16.900     96.100      0.579
    15.667     32.467      0.941
    14.700    121.000      0.743
    13.836    100.500      0.068
    13.067     80.133     -0.161
    13.000     77.550      0.115
    12.700     -8.000      0.126
    12.400     -1.600      0.521
    10.900    106.675      0.414
    10.700    -71.700      0.336
    10.000    -84.100      0.280
     8.400    -62.700      0.394
     7.400      3.900      1.084
     6.750     -1.700      1.198
     6.650      3.250      0.236
     6.400      5.600      0.129
     5.700     -0.200     -0.566
     5.600      5.700      0.303
     5.400     -4.050      0.116
     5.400    100.400      0.119
     4.700    -74.200      0.829
     4.100      9.700      0.426
     3.600     98.650      0.266
     3.100    101.575      0.137
     2.300    102.200      0.310
     1.600    110.300      0.235
     1.433    103.833      0.298
     0.400     32.500      0.723
    -0.900    -78.700     -0.404
    -1.300    -48.500      0.022
    -1.600    -78.700     -0.180
    -2.900    104.700     -0.030
    -3.000    -60.000      0.009
    -3.700    -38.600      0.302
    -4.250     15.200      1.226
    -5.100    119.400      0.533
    -6.206    106.769      0.235
    -6.800     39.200      1.902
    -7.100    -34.900      0.148
    -7.250    112.700      0.244
    -7.900    112.600      0.061
    -8.000    -35.000      0.153
    -8.800     13.200      1.407
   -11.960    -77.060      0.137
   -12.200    -39.000     -0.828
   -12.900    -38.500      1.032
   -15.800    -48.100      0.079
   -16.650    -49.300      0.284
   -17.800     31.000      0.497
   -19.700    -48.000     -0.072
   -19.867    -44.100      0.509
   -20.300    -40.400     -0.356
   -20.400    -54.700     -0.299
   -22.300    -47.000      0.023
   -22.700    -47.700     -0.059
   -22.700    -47.400     -0.438
   -22.820    -47.160      0.236
   -22.780    -43.400     -0.202
   -22.800    -43.100      0.249
   -22.900    -43.700      0.047
   -23.400    -47.500     -0.092
   -23.500    -46.607      0.181
   -23.900    -46.400     -0.081
   -24.900    -53.500     -0.039
   -25.300    -57.600     -0.159
   -25.400    -49.300     -0.227
   -25.500     28.000     -0.094
   -25.700     28.150      1.035
   -26.133     27.983      1.258
   -26.200     28.400      0.086
   -27.460    152.980      0.285
   -27.900    153.300      0.002
   -29.700    -51.200      0.092
   -29.900    -71.300     -0.491
   -29.950    -51.200      0.015
   -31.350    -64.250     -0.168
   -31.500    -68.550     -0.754
   -31.700    -52.400      0.139
   -31.920    115.840      0.065
   -32.867    -68.867      1.433
   -32.900    151.600     -0.113
   -33.000    -68.600      0.003
   -33.425    -70.700      1.059
   -33.763    150.925     -0.056
   -33.933     18.533      0.412
   -33.900     25.500     -0.892
   -34.100    -70.800     -0.439
   -34.573    -58.609      0.295
   -34.840    138.540      0.384
   -34.800    -56.200     -0.169
   -36.900    174.800      1.228
   -37.780    145.030      0.171
   -38.700    -62.300      0.513
   -38.900    -68.100     -0.187
