    60.300     24.800      0.435
    60.300     25.000      0.240
    59.980     30.300      0.561
    57.200     65.500      0.214
    57.100      9.900     -0.257
    57.000     24.050      0.267
    56.900     53.200      0.120
    56.900     60.550      0.014
    56.350     43.800      0.112
    56.100     92.950      0.193
    55.800     37.577      0.658
    55.900     -4.300      0.032
    55.700     12.350      0.263
    55.200     61.400      0.291
    55.033     73.300      0.275
    55.100     82.900      0.198
    55.000     -1.550      0.048
    54.600     -1.300      0.121
    54.400     18.600     -0.075
    53.600   -113.550      0.610
    53.600     10.000     -0.225
    53.500     -3.000      0.046
    53.500     -2.250      0.173
    53.400     -6.300      0.392
    53.400     83.700      0.269
    53.300     34.300      0.410
    53.300     50.200      0.211
    53.200     23.100     -0.000
    53.100      8.800      0.145
    53.000     -1.200     -0.274
    53.000     36.000      0.264
    52.533     -2.000      0.646
    52.550     13.400      0.436
    52.500     16.900      0.296
    52.400      4.600      0.021
    52.400      4.800     -0.175
    52.400      9.700     -0.012
    52.300     21.000      0.116
    52.200     11.600     -0.039
    52.100      4.300     -0.134
    52.000      4.100      0.008
    52.000      4.500      0.268
    52.000      7.600     -0.116
    51.900      4.300      0.440
    51.900     12.200      0.028
    51.900    107.500      0.387
    51.800     19.400     -0.026
    51.800     36.100      0.028
    51.700     39.200      0.192
    51.555     -0.173      0.345
    51.124      6.835      0.130
    51.557      7.086     -0.013
    51.550      7.500     -0.233
    51.600     45.900     -0.012
    51.500      0.300      0.071
    51.500      5.400      0.194
    51.400      6.100      0.293
    51.400     12.300      0.096
    51.267      4.333      0.206
    51.067   -114.133      0.554
    51.100      3.700     -0.037
    51.100     13.700      0.137
    50.900      4.350      0.007
    50.700      3.000     -0.137
    50.700      5.500     -0.294
    50.500      3.800     -0.290
    50.500     30.450      0.142
    50.400     18.850      0.135
    50.300     19.100      0.176
    50.133      8.417      0.235
    50.100     14.450      0.353
    50.100     15.700     -0.004
    50.100     18.400     -0.229
    50.100     19.900      0.348
    50.000     36.200      0.597
    49.900    -97.200      0.203
    49.900     18.250      0.254
    49.900     18.500      0.425
    49.900     24.000      0.030
    49.450      1.000     -0.270
    49.500      8.300     -0.099
    49.450     11.000     -0.192
    49.350      6.100     -0.109
    49.350      6.750     -0.185
    49.260   -123.020      0.090
    49.100      8.300      0.221
    48.892      2.315      0.572
    49.000     38.400      0.211
    48.800      9.200     -0.086
    48.800     44.500      0.291
    48.600      7.700      0.477
    48.600     12.100     -0.248
    48.600     38.600     -0.280
    48.500   -123.400      0.355
    48.500     35.000      0.019
    48.400     38.000      0.017
    48.267     16.333      0.757
    48.200     11.450      0.073
    48.200     17.100     -0.039
    48.200     33.500     -0.043
    48.075     37.750      0.002
    47.950     33.350      0.206
    47.900   -122.300      0.281
    47.900     35.050      0.058
    47.388   -122.412      0.243
    47.700   -122.200     -0.100
    47.700   -117.300      0.254
    47.525     19.075      0.068
    47.500     -0.600      0.138
    47.400      8.500      0.025
    47.400    123.900     -0.298
    47.300     39.700     -0.153
    47.200     37.500      0.483
    47.100     15.400      0.180
    46.900    -71.300     -0.008
    46.400     48.000     -0.105
    46.300   -119.300      0.246
    45.800      4.850      0.008
    45.800    126.650     -0.064
    45.600   -122.667      0.595
    45.700      8.750     -0.612
    45.600      9.133      0.094
    45.580    -73.660      0.201
    45.450    -75.750      0.257
    45.008    -93.317     -0.004
    45.100      7.550     -0.200
    45.100     41.900     -0.150
    44.900     -0.650      0.154
    44.500     26.050      0.057
    44.300    -88.500      0.026
    44.100   -123.100     -0.098
    44.000      4.800     -0.149
    43.778    -79.522      0.071
    43.900     11.100      0.462
    43.900    125.250      0.050
    43.900    126.500      0.191
    43.500    -84.000      0.023
    43.333     76.867      0.354
    43.100    -88.050      0.040
    43.200    -77.700     -0.007
    43.133    141.333      0.183
    43.100    -89.500     -0.184
    43.100    -76.200      0.036
    43.000    -85.700     -0.009
    43.000    -82.500     -0.068
    43.000    -78.850      0.094
    42.800    -84.600     -0.284
    42.750    -73.850     -0.099
    42.800    -71.500      0.025
    42.496    -83.235      0.097
    42.480    -71.200      0.049
    42.300    -89.100      0.178
    42.300    -71.800      0.251
    41.874    -87.894      0.018
    42.200    -72.600     -0.168
    42.200     24.700      0.144
    41.850    -71.500      0.247
    41.900     12.400      0.479
    41.900     59.900      0.484
    41.833    123.367     -0.111
    41.900    123.850     -0.055
    41.800    -72.700      0.096
    41.700    -83.650      0.118
    41.520    -81.720      0.244
    41.600      2.050     -0.281
    41.400      2.000      0.254
    41.367     69.233      0.569
    41.300    -96.050      0.042
    41.300    -73.100      0.027
    41.200     -8.600     -0.005
    41.200    122.000      0.164
    41.200    122.950     -0.083
    41.100    -80.700     -0.428
    40.828    -73.983     -0.032
    41.100     28.600      0.456
    41.033     29.050     -0.178
    40.933     14.350      0.196
    40.733   -111.967      0.145
    40.800     72.300      0.335
    40.800    120.800      0.043
    40.700    109.750     -0.077
    40.600   -105.100      0.390
    40.567     70.900      0.414
    40.467    -80.000      0.222
    40.500     -3.700      0.299
    40.500     49.900      0.939
    40.500     71.650      0.662
    40.400    -76.000     -0.107
    40.088    -75.132     -0.035
    40.350    -74.100     -0.050
    40.300    -76.900      0.312
    40.200     44.400      0.305
    39.933    116.276      0.198
    40.040    -83.020     -0.280
    40.100    -74.200      0.202
    40.100    113.200     -0.280
    39.850    -86.200     -0.089
    40.000     32.750      0.205
    40.000     66.200      0.379
    39.800   -105.050      0.126
    39.900    -89.000      0.145
    39.733    -84.233      0.122
    39.800    -75.600     -0.218
    39.750     66.900     -0.271
    39.600   -119.800     -0.179
    39.333    -84.517      0.322
    39.340    -76.720      0.094
    39.080    -94.680     -0.046
    39.087    117.250     -0.069
    38.957    -77.129     -0.030
    39.100    117.600     -0.093
    39.100    125.700      0.395
    39.000    121.500      0.156
    38.900   -104.800      0.322
    38.900    115.450     -0.164
    38.660   -121.400      0.138
    38.690    -90.390      0.043
    38.800     -9.250      0.230
    38.600     68.700      0.149
    38.300    -85.750      0.470
    38.300    140.800     -0.245
    38.133    114.467     -0.241
    38.067     23.667     -0.056
    38.000   -122.400      0.331
    38.000   -122.100      0.429
    38.000   -121.300     -0.053
    37.860    112.460     -0.161
    37.750   -122.500      0.569
    37.700   -121.000      0.203
    37.700    -97.400      0.591
    37.538    126.950     -0.264
    37.600    -77.500      0.399
    37.600     15.000      0.056
    37.600    121.300      0.083
    37.600    126.600      0.509
    37.500    112.000      0.020
    37.360   -121.980      0.106
    37.100    -76.400     -0.083
    37.100    111.900      0.263
    37.100    114.450      0.152
    36.850   -119.800     -0.001
    36.867    -76.267      0.388
    36.800    118.000      0.522
    36.800    137.000      0.227
    36.700    101.700     -0.358
    36.700    116.900     -0.360
    36.600    136.600     -0.113
    36.400     43.100     -0.329
    36.400     59.500      0.125
    36.400    120.400     -0.031
    36.400    127.300      0.324
    36.344    139.233      0.003
    36.400    140.400      0.221
    36.180   -115.220     -0.138
    36.300    137.900     -0.108
    35.777    139.562      0.498
    36.150    -95.950     -0.213
    36.200    -86.800     -0.136
    35.900    -78.700      0.074
    35.900    128.500      0.539
    35.750     51.350      0.216
    35.700    138.500      0.449
    35.650    140.100      0.594
    35.600    129.300     -0.205
    35.500    -97.600     -0.194
    35.224    136.838      0.304
    35.400   -119.100      0.102
    35.300    -80.900     -0.153
    35.300    113.200     -0.034
    35.200   -106.700      0.504
    35.133    -89.967      0.082
    35.200     33.300     -0.197
    35.100    118.225      0.223
    35.200    128.950     -0.033
    35.100    -79.000      0.182
    34.780    135.500      0.687
    34.900    117.500     -0.330
    34.800    -92.300     -0.019
    34.800    113.600     -0.326
    34.800    134.900      0.613
    34.800    137.300      0.616
    34.800    137.700      0.546
    34.700    112.400      0.455
    34.700    133.900     -0.011
    34.650    135.700      0.061
    34.600    133.700      0.343
    34.500    132.400      0.279
    34.350    108.900      0.133
    34.036   -118.033      0.023
    34.300    117.100      0.287
    33.938    -84.377      0.069
    34.000     35.600     -0.025
    33.900    132.700     -0.090
    33.800   -117.000      0.663
    33.800    113.200     -0.125
    33.543   -112.079      0.025
    33.700     73.000      0.132
    33.600     36.300      0.225
    33.600    130.350     -0.096
    33.600    133.500     -0.251
    33.500    -94.100     -0.168
    33.367     44.333     -0.024
    33.200   -117.250      0.257
    32.905    -97.005      0.164
    32.800   -117.100      0.147
    32.900    130.700      0.821
    32.700     51.600     -0.447
    32.500    -99.800      0.161
    32.500    -93.800      0.485
    32.400    -90.200      0.591
    32.400    -86.300     -0.071
    32.250   -111.000      0.026
    32.150     34.800      0.299
    32.100    112.100      0.176
    32.067    118.767      0.149
    32.000     35.900     -0.107
    31.900     47.100      0.134
    31.900    117.200     -0.017
    31.900    120.500      0.014
    31.800   -106.450      0.302
    31.800    119.950     -0.156
    31.650    120.250      0.130
    31.700    120.700     -0.331
    31.600    -97.200     -0.153
    31.533     74.267     -1.063
    31.500     73.000     -1.277
    31.271    121.350     -0.063
    31.375    120.600      0.043
    30.700    104.000     -0.409
    30.667    114.300      0.159
    30.500    -91.200      0.062
    30.500    -87.300      0.542
    30.350    -97.800     -0.041
    30.400    -81.650      0.298
    30.400    120.100      0.182
    30.150     31.250     -0.712
    30.150    120.450     -0.003
    29.833    -95.433      0.122
    30.100    121.100     -0.212
    30.000    -90.150     -0.415
    29.950    121.550      0.246
    29.550    -98.550      0.153
    29.600    106.500     -0.152
    28.675     77.162      0.450
    28.600    -81.429      0.036
    28.700    115.900      0.343
    28.050    -82.800      0.045
    28.033    -82.467      0.548
    28.100    -80.700     -0.248
    27.900    113.100     -0.088
    27.500    -82.600     -0.877
    26.700    -81.900     -0.172
    26.180    -80.273      0.146
    26.500     50.000      1.123
    26.500     80.300      0.204
    26.200    -81.800      0.188
    26.100    119.300      0.401
    25.750   -100.400      0.692
    25.500     81.800     -0.064
    25.450    119.000      0.024
    25.200     75.800     -0.781
    25.100    102.600     -0.019
    25.050    121.200      0.414
    25.100    121.450     -0.644
    24.933     67.033      0.579
    24.800    118.500     -0.036
    24.760     46.680      0.394
    24.200    120.600      0.079
    23.600    116.633     -0.160
    23.600    116.350     -0.332
    23.113    113.153      0.086
    23.300     77.400     -0.483
    23.300    116.350     -0.262
    23.100     72.550      0.035
    23.038    113.763      0.339
    23.100    120.200      0.200
    22.800     75.800      0.578
    22.700     88.300     -0.439
    22.800    113.800      0.662
    22.700    110.100      0.405
    22.667    113.200      0.448
    22.700    114.050      0.032
    22.700    120.300     -0.043
    22.400     73.100     -0.620
    22.300    -97.900     -1.037
    22.200   -101.000     -0.075
    21.500     39.200      1.173
    21.400   -158.000      0.222
    21.200     72.800      0.314
    21.100    105.800     -0.249
    20.900    106.600      0.391
    20.700   -103.400      0.115
    19.443    -99.171      0.191
    19.200     72.800      0.201
    19.100    -98.300      0.052
    18.600    -72.300      0.482
    18.600     73.800     -0.125
    17.467     78.433     -0.047
    16.900     96.100      0.013
    15.667     32.467      0.933
    14.700    121.000      0.895
    13.833    100.500     -0.098
    13.100     80.200      0.191
    13.000     77.500     -0.419
    12.400     -1.600      0.278
    10.900    106.700      0.021
    10.700    -71.700      0.524
    10.000    -84.100      0.701
     8.400    -62.700      0.406
     6.800     -1.700      0.268
     6.600      3.300      0.626
     6.400      5.600      0.010
     5.700     -0.250      0.139
     5.600      5.700     -0.281
     5.400     -4.100      0.452
     5.400    100.400      0.308
     4.700    -74.200      0.594
     3.600     98.600      0.280
     3.100    101.575      0.190
     2.300    102.200      0.229
     1.600    110.300      0.110
     1.400    103.850      0.424
    -0.900    -78.700     -0.028
    -1.300    -48.500      0.114
    -1.600    -78.700     -0.461
    -2.900    104.700     -0.155
    -3.000    -60.000     -0.271
    -3.700    -38.600      0.143
    -4.300     15.200      0.820
    -5.100    119.400     -0.230
    -6.183    106.775      0.172
    -6.800     39.200      0.384
    -6.900    107.600     -0.118
    -7.100    -34.900      0.733
    -7.250    112.700      0.687
    -7.900    112.600      0.260
    -8.000    -35.000      0.878
    -8.800     13.200      0.740
   -11.960    -77.060      0.693
   -12.200    -39.000     -0.452
   -12.900    -38.500      0.721
   -15.800    -48.100      0.353
   -16.600    -49.300      0.526
   -17.700    -63.200     -0.063
   -17.800     31.000     -0.562
   -19.700    -48.000      0.135
   -19.867    -44.100     -0.155
   -20.300    -40.400      0.291
   -20.400    -54.700      0.148
   -22.300    -47.000     -0.010
   -22.700    -47.700     -0.350
   -22.700    -47.400     -0.085
   -22.800    -47.175      0.073
   -22.800    -43.375     -0.155
   -22.800    -43.100      0.113
   -22.900    -43.700      0.269
   -23.400    -47.500     -0.146
   -23.494    -46.625      0.050
   -23.900    -46.400     -0.301
   -24.900    -53.500     -0.277
   -25.300    -57.600      0.252
   -25.400    -49.300     -0.011
   -25.500     28.000      0.721
   -25.700     28.150      0.467
   -26.145     27.991      0.746
   -26.200     28.400     -0.662
   -27.460    152.980      0.303
   -27.900    153.300      0.101
   -29.100    -51.200     -0.081
   -29.700    -51.200      0.413
   -29.950    -51.200      0.060
   -31.350    -64.250      0.013
   -31.500    -68.550     -0.264
   -31.700    -52.400      0.088
   -31.920    115.840      0.573
   -32.867    -68.867      0.691
   -32.900    151.600     -0.164
   -33.000    -68.600      0.527
   -33.425    -70.700      0.383
   -33.763    150.925      0.173
   -33.933     18.533      0.626
   -33.900     25.500     -0.055
   -34.100    -70.800      0.260
   -34.573    -58.609      0.266
   -34.800    -56.200      0.173
   -34.875    138.525      0.281
   -36.900    174.800      1.173
   -37.790    145.040      0.349
   -38.500    -58.800     -0.220
   -38.700    -62.300     -0.232
   -38.900    -68.100     -0.513
