    60.300     24.900      0.228
    59.980     30.300      0.532
    57.200     65.500      0.068
    57.100      9.900     -0.209
    57.000     24.050      0.345
    56.900     53.200     -0.184
    56.900     60.550      0.265
    56.333     43.833      0.305
    56.100     92.950      0.194
    55.800     37.564      0.569
    55.900     -4.300     -0.039
    55.700     12.350     -0.026
    55.200     61.400      0.114
    55.100     82.900      0.095
    55.000     -1.550     -0.077
    55.000     73.350      0.023
    54.600     -1.300      0.123
    53.800     -1.600      0.060
    53.600   -113.550      0.178
    53.600     10.000     -0.018
    53.500     -3.000      0.154
    53.500     -2.250      0.151
    53.400     -6.300      0.324
    53.400     83.700      0.339
    53.300     34.300      0.233
    53.300     50.200      0.374
    53.200     23.100     -0.010
    53.100      8.800      0.231
    53.000     -1.200     -0.132
    52.533     -2.000      0.421
    52.550     13.400      0.260
    52.500     16.900      0.259
    52.400      4.600      0.190
    52.400      4.800     -0.068
    52.400      9.700     -0.190
    52.275     21.000      0.039
    52.200     11.600      0.273
    52.100      4.300     -0.094
    52.000      4.100      0.264
    51.950      4.550     -0.129
    52.000      7.600     -0.027
    51.900      4.300     -0.193
    51.800     19.400     -0.218
    51.800     36.100      0.032
    51.700     39.200     -0.064
    51.546     -0.177      0.269
    51.246      6.908      0.003
    51.600      7.500     -0.041
    51.600     45.900     -0.146
    51.500      0.300     -0.237
    51.500      5.400      0.314
    51.400      6.100      0.079
    51.400     12.300      0.170
    51.267      4.333     -0.275
    51.200     71.400      0.215
    51.067   -114.133      0.363
    51.100      3.700      0.137
    51.100     13.700     -0.132
    50.900      4.350     -0.211
    50.700      3.000      0.229
    50.700      5.500      0.158
    50.500      3.800      0.047
    50.500     30.450     -0.168
    50.400     18.850      0.087
    50.300     19.100      0.164
    50.133      8.417      0.235
    50.100     14.450      0.766
    50.100     15.700     -0.186
    50.100     18.400      0.051
    50.100     19.900      0.248
    50.000     36.250      0.253
    49.900    -97.200      0.190
    49.900     18.250      0.138
    49.900     18.500      0.110
    49.900     24.000      0.001
    49.500      1.000     -0.281
    49.500      8.400      0.390
    49.450     11.000      0.020
    49.400      6.100      0.012
    49.350      6.750      0.000
    49.260   -123.020      0.148
    49.100      8.300      0.417
    48.892      2.315      0.553
    49.000     38.400     -0.167
    48.850      9.200      0.134
    48.800     44.500      0.138
    48.600      7.700      0.294
    48.600     12.100      0.159
    48.600     38.600     -0.351
    48.500   -123.400     -0.027
    48.500     35.000     -0.139
    48.400     38.000     -0.313
    48.267     16.333      0.592
    48.200     11.450      0.487
    48.200     17.100      0.054
    48.200     33.500      0.325
    48.075     37.750     -0.062
    47.950     33.350      0.124
    47.900   -122.300      0.127
    47.900     35.100     -0.247
    47.450   -122.367      0.509
    47.700   -122.200      0.518
    47.700   -117.300      0.020
    47.525     19.075      0.527
    47.500     -0.600      0.133
    47.400      8.500      0.229
    47.400    123.900      0.345
    47.300     39.650      0.247
    47.200   -122.600      0.340
    47.200     37.500     -0.056
    47.100     15.400      0.032
    46.900    -71.300     -0.055
    46.400     48.000      0.205
    46.300   -119.250      0.043
    45.800      4.850      0.298
    45.767    126.633      0.090
    45.600   -122.643      0.566
    45.700      8.750     -0.372
    45.586      9.143      0.302
    45.583    -73.700     -0.105
    45.450    -75.750      0.172
    45.008    -93.317     -0.148
    45.100      7.550     -0.214
    45.100     38.900      0.033
    45.100     41.900      0.022
    44.900     -0.650      0.038
    44.500     26.050      0.747
    44.300    -88.500      0.099
    44.100   -123.100      0.265
    44.000      4.800     -0.194
    43.933    125.267     -0.270
    43.791    -79.518      0.247
    43.900     11.100      0.318
    43.900    126.500      0.114
    43.333     76.867      0.283
    43.100    -88.050      0.220
    43.200    -77.700     -0.066
    43.133    141.333      0.181
    43.100    -89.500      0.103
    43.100    -76.200     -0.083
    43.000    -85.700     -0.143
    43.000    -82.500     -0.205
    43.000    -78.850      0.115
    42.800    -84.600     -0.067
    42.800    -71.500     -0.054
    42.496    -83.235      0.008
    42.700    -73.800     -0.015
    42.480    -71.200      0.140
    42.400    -71.600      0.061
    42.300    -89.100      0.059
    42.300    -71.800     -0.062
    41.869    -87.894     -0.101
    42.200    -72.600     -0.327
    42.200     24.700     -0.309
    41.850    -71.500     -0.201
    41.900     12.400     -0.451
    41.900     59.900      0.559
    41.833    123.367      0.056
    41.900    123.850      0.295
    41.800    -72.700     -0.149
    41.700    -83.650      0.262
    41.600    -88.200      0.373
    41.520    -81.720      0.121
    41.600      2.050      0.099
    41.400      2.000      0.015
    41.367     69.233      0.121
    41.300    -96.050     -0.069
    41.300    -73.100      0.337
    41.233    123.000     -0.114
    41.200     -8.600     -0.014
    41.200    122.000      0.312
    41.100    -80.700      0.101
    40.822    -73.998      0.056
    41.100     28.600     -0.281
    41.033     29.050      0.066
    40.933     14.350      0.330
    40.700   -111.975      0.051
    40.800     72.300      0.513
    40.800    120.800      0.495
    40.700    -75.400      0.062
    40.700    109.750      0.441
    40.600   -105.100     -0.071
    40.567     70.900     -0.007
    40.467    -80.000     -0.065
    40.450     -3.750      0.342
    40.500     49.900      0.197
    40.500     71.650     -0.350
    40.400    -76.000      0.309
    40.350    -74.100      0.311
    40.300   -111.700     -0.248
    40.300    -76.900      0.139
    40.074    -75.135     -0.020
    40.200     44.400      0.699
    39.936    116.291      0.086
    40.040    -83.020     -0.074
    40.100    -74.200     -0.023
    40.100    113.200     -0.214
    39.850    -86.200      0.093
    40.000     32.750      0.266
    40.000     66.200      0.013
    40.000     66.400      0.654
    40.000    119.500      0.025
    39.789   -105.033      0.411
    39.900    -89.000     -0.080
    39.750    -84.250     -0.153
    39.800    -75.650     -0.756
    39.750     66.900     -0.344
    39.700    118.150     -0.033
    39.600   -119.800      0.211
    39.320    -84.540     -0.213
    39.340    -76.720     -0.082
    39.080    -94.680      0.075
    39.100    117.309     -0.016
    39.100    125.700      0.004
    38.943    -77.086      0.108
    39.000    121.500     -0.144
    38.900   -104.800      0.656
    38.900    115.450     -0.093
    38.660   -121.400      0.071
    38.690    -90.390     -0.031
    38.800     -9.250     -0.071
    38.600     68.700     -0.182
    38.500     27.200      0.311
    38.300    -85.750      0.114
    38.300    140.800     -0.040
    38.133    114.467      0.077
    38.067     23.667     -0.072
    38.000   -122.400      0.378
    38.000   -122.100     -0.158
    38.000   -121.300     -0.026
    37.860    112.460     -0.168
    37.750   -122.500      0.413
    37.700   -121.000     -0.174
    37.700    -97.400     -0.422
    37.622    126.900     -0.133
    37.600   -122.100      0.008
    37.600    -77.500     -0.000
    37.600     15.000      0.454
    37.600    121.300     -0.133
    37.500    112.000      0.048
    37.360   -121.980     -0.206
    37.300    127.000     -0.214
    37.100    -76.400      0.072
    37.100    114.450      0.128
    36.850   -119.800      0.638
    36.875    -76.225      0.154
    36.750    117.950      0.141
    36.800    137.000     -0.043
    36.700    101.700     -0.433
    36.700    116.900      0.650
    36.700    119.100     -0.426
    36.600    136.600     -0.075
    36.400     43.100     -0.383
    36.400     59.500     -0.464
    36.400    120.350      0.117
    36.400    127.300     -0.271
    36.350    139.200      0.048
    36.400    140.400      0.151
    36.200   -115.217     -0.328
    36.300    137.900     -0.553
    35.774    139.568      0.079
    36.150    -95.950      0.060
    36.200    -86.800      0.025
    36.200    120.400      0.131
    36.100    140.100     -0.047
    35.900    -78.700      0.114
    35.900    128.500      0.150
    35.750     51.350      0.421
    35.700    138.500      0.012
    35.650    140.100      0.051
    35.600    129.300      0.206
    35.500    -97.600      0.527
    35.224    136.838      0.183
    35.400   -119.100     -0.339
    35.300    -80.900      0.395
    35.300    113.200      0.208
    35.300    115.400      0.067
    35.200   -106.700      0.447
    35.133    -89.967     -0.002
    35.200     33.300     -0.793
    35.120    118.240     -0.021
    35.200    128.950      0.392
    35.100    -79.000      0.139
    34.780    135.500      0.295
    34.900    117.500     -0.244
    34.800    -92.300     -0.582
    34.800    113.650      0.126
    34.800    134.900      0.140
    34.800    137.300      0.206
    34.800    137.700      0.255
    34.700    112.400     -0.428
    34.700    133.900      0.122
    34.650    135.700     -0.009
    34.600    133.700      0.202
    34.500    132.400     -0.137
    34.350    108.825      0.125
    34.036   -118.033      0.468
    34.300    117.150     -0.153
    33.929    -84.379      0.015
    34.100    -81.000     -0.718
    34.000     35.600      0.482
    34.000    118.200      0.789
    33.900    130.700     -0.138
    33.900    132.700      0.142
    33.800   -117.000      0.594
    33.800   -116.400     -0.256
    33.800    113.200      0.170
    33.541   -112.094     -0.060
    33.700     73.000     -0.216
    33.600     -7.700      0.160
    33.600     36.300      0.282
    33.600    130.350      0.138
    33.600    133.500     -0.181
    33.367     44.333      0.529
    33.400    120.100     -0.025
    33.200   -117.250     -0.100
    32.915    -97.000      0.100
    33.000    117.300     -0.656
    32.760   -117.100      0.194
    32.900     13.100     -0.778
    32.900    130.700      0.160
    32.700     51.600      0.484
    32.500    -99.800      0.168
    32.500    -93.800      0.558
    32.500    -85.000      0.255
    32.400    -90.200      0.363
    32.400    -86.300      0.092
    32.250   -111.000      0.556
    32.150     34.800      0.183
    32.100    112.100     -0.288
    32.067    118.767     -0.096
    32.000     35.900     -0.047
    32.000    120.200     -0.302
    31.933    120.433     -0.255
    31.900     47.100     -0.550
    31.867    117.233      0.469
    31.569    120.294      0.089
    31.800   -106.450      0.010
    31.700     -8.100     -0.287
    31.700    120.700      0.332
    31.600    -97.200      0.141
    31.533     74.267     -0.370
    31.500     73.000     -0.293
    31.258    121.346     -0.139
    30.717    103.983      0.121
    30.800    120.700     -0.382
    30.667    114.300      0.275
    30.500    -91.200     -0.101
    30.500    -87.300      0.108
    30.350    -97.800      0.125
    30.367    -81.633      0.311
    30.278    120.267      0.170
    30.150     31.250      0.284
    29.810    -95.420      0.119
    30.100    121.100     -0.124
    30.000    -90.150     -0.638
    29.950    121.550      0.234
    29.633    106.467     -0.275
    29.550    -98.550      0.212
    28.656     77.144     -0.221
    28.600    -81.429      0.176
    28.700    115.850     -0.152
    28.050    -82.800     -0.088
    28.033    -82.467      0.157
    28.100    -80.700     -0.168
    27.900    113.100     -0.160
    27.500    -82.600      0.049
    26.700    -81.900      0.032
    26.180    -80.273     -0.175
    26.500     50.000     -0.420
    26.500     80.300      0.395
    26.300    127.700      0.105
    26.200    -81.800      0.109
    26.100    119.250     -0.066
    25.750   -100.400      0.693
    25.500     81.800      0.227
    25.450    119.000      0.067
    25.300     55.300     -1.496
    25.200     75.800     -0.661
    25.100    102.650      0.079
    25.050    121.200      0.349
    25.100    121.450     -0.348
    24.933     67.033     -0.120
    24.833    118.500      0.111
    24.760     46.680      0.415
    24.250    120.600     -0.337
    23.567    116.517     -0.038
    23.018    113.145      0.273
    23.300     77.400      0.142
    23.300    116.350     -0.410
    23.100     72.550     -0.344
    23.038    113.763      0.169
    23.100    120.200     -0.224
    22.800     75.800      0.025
    22.700     88.300      0.145
    22.800    113.800      0.038
    22.700    114.025     -0.001
    22.800    114.300      0.115
    22.700    110.100     -0.060
    22.700    120.300      0.338
    22.300    -97.900     -0.131
    22.200   -101.000     -0.738
    21.500     39.200      0.050
    21.400   -158.000     -0.025
    21.100    105.800     -0.617
    20.900    106.600     -0.026
    20.700   -103.400      0.215
    19.443    -99.171      0.144
    19.200     72.800      0.925
    19.100    -98.300      0.044
    18.600    -72.300      0.107
    18.600     73.800      0.191
    17.450     78.450     -0.010
    16.900     96.100      0.588
    15.667     32.467     -0.288
    14.700    121.000      0.643
    13.836    100.500     -0.200
    13.067     80.133     -0.216
    13.000     77.550      0.468
    12.700     -8.000     -0.788
    12.400     -1.600      0.738
    10.900    106.675      0.529
    10.700    -71.700      0.265
    10.000    -84.100      0.292
     8.400    -62.700      0.141
     7.400      3.900      0.860
     6.750     -1.700      1.011
     6.620      3.260      0.117
     6.400      5.600      0.213
     5.700     -0.200     -0.478
     5.600      5.700     -0.066
     5.400     -4.100      0.504
     5.400    100.400      0.194
     4.900      7.000     -0.493
     4.700    -74.200      0.113
     4.100      9.700      0.146
     3.600     98.600      0.904
     3.100    101.575      0.023
     2.300    102.200      0.269
     1.475    103.800      0.523
     1.600    110.300      0.304
     0.400     32.500      0.096
    -0.900    -78.700      0.364
    -1.300    -48.500     -0.010
    -1.600    -78.700     -0.115
    -2.900    104.700      0.058
    -3.000    -60.000     -0.104
    -3.700    -38.600      0.716
    -4.250     15.200      1.476
    -5.100    119.400     -0.122
    -6.206    106.769      0.044
    -6.800     39.200      0.949
    -7.100    -34.900      0.708
    -7.250    112.700      0.323
    -7.900    112.600     -0.068
    -8.000    -35.000      0.470
    -8.300    113.500     -0.247
    -8.800     13.200      0.254
   -11.960    -77.060      0.130
   -12.200    -39.000      0.086
   -12.900    -38.500      0.750
   -15.800    -48.100      0.029
   -16.650    -49.300      0.163
   -17.800     31.000      0.086
   -19.700    -48.000      0.120
   -19.867    -44.100     -0.184
   -20.300    -40.400      0.036
   -20.400    -54.700     -0.024
   -22.300    -47.000     -0.147
   -22.700    -47.700      0.083
   -22.700    -47.400     -0.080
   -22.820    -47.160     -0.030
   -22.780    -43.400      0.147
   -22.800    -43.100      0.705
   -22.900    -43.700     -0.504
   -23.400    -47.500     -0.083
   -23.494    -46.625      0.111
   -23.900    -46.400     -0.025
   -24.900    -53.500     -0.249
   -25.300    -57.600      0.136
   -25.400    -49.300     -0.189
   -25.500     28.000      0.105
   -25.700     28.150      1.073
   -26.145     27.991      0.740
   -26.200     28.400     -0.319
   -27.460    152.980      0.579
   -27.900    153.300      0.775
   -29.100    -51.200      0.244
   -29.700    -51.200     -0.213
   -29.900    -71.300     -0.424
   -29.950    -51.200     -0.370
   -31.350    -64.250      0.445
   -31.500    -68.550      0.071
   -31.700    -52.400     -0.013
   -31.920    115.840     -0.320
   -32.867    -68.867      0.650
   -32.900    151.600      0.288
   -33.000    -68.600      0.534
   -33.425    -70.700      0.696
   -33.763    150.925      0.004
   -33.933     18.533      0.314
   -33.900     25.500      1.340
   -34.100    -70.800     -0.358
   -34.583    -58.617      0.699
   -34.840    138.540     -0.194
   -34.800    -56.200      0.153
   -36.900    174.800      1.191
   -37.800    145.033     -0.064
   -38.700    -62.300      0.242
   -38.900    -68.100      0.013
