    60.300     24.900     -0.082
    59.967     30.317      0.164
    57.200     65.500      0.118
    57.100      9.900     -0.157
    57.000     24.050     -0.068
    56.900     53.200      0.183
    56.900     60.550      0.199
    56.350     43.800      0.161
    56.200     10.100     -0.341
    56.100     92.950      0.150
    55.800     37.564      0.327
    55.900     -4.300     -0.252
    55.700     12.350     -0.309
    55.200     61.400      0.416
    55.100     82.900     -0.198
    55.000     -1.550      0.222
    55.000     73.350      0.364
    54.600     -1.300      0.204
    54.400     18.600      0.031
    53.800     -1.600      0.509
    53.600   -113.550      0.135
    53.600     10.000     -0.059
    53.500     -3.000      0.099
    53.500     -2.250     -0.139
    53.400     -6.300      0.043
    53.400     83.700      0.595
    53.300     34.300     -0.071
    53.300     50.200      0.095
    53.200     23.100      0.062
    53.100      8.800     -0.054
    53.000     -1.200      0.209
    53.000     36.000      0.308
    52.800     41.400     -0.024
    52.533     -2.000      0.346
    52.550     13.400      0.453
    52.500     16.900     -0.247
    52.400      4.600      0.062
    52.400      4.800      0.188
    52.400      9.700      0.065
    52.300     21.000      0.082
    52.200     11.600      0.137
    52.100     -0.800     -0.032
    52.100      4.300     -0.049
    52.000      4.567     -0.089
    52.000      4.100     -0.142
    52.000      7.600     -0.207
    51.900      4.300      0.000
    51.800     19.450     -0.058
    51.800     36.100     -0.084
    51.700      4.800      0.156
    51.700     39.200      0.112
    51.550     -0.200      0.331
    51.260      6.904      0.145
    51.600      7.500     -0.178
    51.600     45.900     -0.129
    51.500      0.300      0.029
    51.500      5.400     -0.248
    51.400      6.100     -0.231
    51.400     12.300      0.055
    51.267      4.333     -0.092
    51.200     71.400      0.054
    51.067   -114.133      0.493
    51.100      3.700     -0.001
    51.100     13.700     -0.324
    50.900      4.350     -0.287
    50.700      3.000     -0.135
    50.700      5.500      0.015
    50.500      2.900      0.184
    50.500      3.800     -0.006
    50.500      4.400      0.267
    50.500     30.450     -0.047
    50.400     18.850      0.154
    50.300     19.100      0.001
    50.133      8.417     -0.143
    50.100     14.450      0.114
    50.100     15.700     -0.003
    50.100     18.400      0.006
    50.100     19.900     -0.170
    50.000     36.200      0.103
    49.900    -97.200     -0.078
    49.900     18.250     -0.076
    49.900     18.500      0.282
    49.900     23.950     -0.013
    49.450      1.000     -0.045
    49.500      8.400      0.251
    49.450     11.000      0.082
    49.350      6.100      0.087
    49.350      6.750     -0.099
    49.250   -123.150     -0.065
    49.250   -122.900      0.036
    49.100      8.300     -0.074
    48.900      2.300      0.433
    49.000     38.400      0.067
    48.850      9.200      0.061
    48.800     44.500      0.248
    48.600      7.700      0.194
    48.600     12.100      0.035
    48.600     38.600      0.037
    48.500   -123.400      0.075
    48.500     35.000      0.402
    48.400     38.000      0.280
    48.300     14.200      0.519
    48.267     16.333      0.301
    48.200     11.450      0.135
    48.200     17.100      0.095
    48.200     33.500     -0.087
    48.075     37.750      0.185
    47.950     33.350      0.232
    47.900   -122.300      0.022
    47.900     35.050     -0.105
    47.450   -122.367      0.131
    47.700   -122.200      0.021
    47.700   -117.300      0.128
    47.525     19.075      0.133
    47.500     -0.600      0.085
    47.400      8.500      0.180
    47.400    123.900      0.005
    47.300     39.650      0.269
    47.200   -122.600      0.027
    47.200     37.500      0.635
    47.100     15.400      0.264
    46.900    -71.400      0.130
    46.400     48.000     -0.272
    46.300   -119.250      0.150
    45.800      4.850      0.318
    45.767    126.633      0.276
    45.600   -122.643      0.168
    45.700      8.750     -0.246
    45.586      9.143      0.198
    45.583    -73.700      0.194
    45.450    -75.750     -0.044
    45.008    -93.317      0.057
    45.100      7.550      0.314
    45.100     41.900     -0.346
    44.900     -0.650      0.013
    44.500     12.200     -0.065
    44.500     26.050      0.733
    44.300    -88.500      0.003
    44.100   -123.100     -0.203
    44.000      4.800     -0.192
    43.933    125.267      0.147
    43.783    -79.542     -0.023
    43.900    -79.100     -0.074
    43.900     11.100      0.146
    43.900    126.500      0.254
    43.600    -80.300     -0.250
    43.500    -84.000      0.436
    43.333     76.867      0.474
    43.100    -88.050      0.096
    43.200    -77.700     -0.076
    43.133    141.333      0.141
    43.100    -89.500      0.779
    43.100    -76.200      0.123
    43.000    -85.700      0.159
    43.000    -82.500     -0.264
    43.000    -78.850      0.163
    42.800    -84.600     -0.084
    42.800    -71.500     -0.189
    42.500    -83.246      0.167
    42.700    -73.800      0.105
    42.480    -71.200     -0.004
    42.300    -89.100     -0.120
    41.877    -87.917     -0.062
    42.200    -72.600     -0.243
    42.200     24.700     -0.068
    41.850    -71.500     -0.127
    41.900     12.400     -0.008
    41.900     59.900     -0.136
    41.825    123.325     -0.020
    41.900    123.800     -0.084
    41.800    -72.700     -0.266
    41.700    -83.650      0.257
    41.600    -88.200      0.125
    41.520    -81.720     -0.057
    41.600      2.000      0.186
    41.400      2.000      0.010
    41.367     69.233      0.556
    41.300    -96.050     -0.047
    41.300    -73.100     -0.070
    41.233    123.000     -0.247
    41.200     -8.600     -0.267
    41.200    122.000     -0.083
    41.100    -80.700     -0.132
    40.814    -74.010     -0.034
    41.100     28.600      0.174
    41.033     29.050      0.314
    40.933     14.350      0.372
    40.700   -111.975      0.475
    40.800     72.300      0.340
    40.800    120.800      0.200
    40.700    -75.400     -0.166
    40.700    109.750      0.128
    40.600   -105.100     -0.025
    40.575     70.950     -0.432
    40.467    -80.000      0.025
    40.450     -3.750      0.396
    40.500     49.900      0.322
    40.500     71.650      0.345
    40.400    -76.000     -0.457
    40.350    -74.100      0.315
    40.300    -76.900      0.079
    40.074    -75.135     -0.053
    40.200     44.400      0.339
    39.958    116.304      0.083
    40.040    -83.020     -0.115
    40.100    -74.200     -0.080
    40.100    113.200      0.018
    39.875    -86.200      0.073
    40.000     32.750      0.541
    40.000     66.200     -0.065
    40.000     66.400      0.104
    40.000    119.500     -0.373
    39.770   -105.030     -0.032
    39.900    -89.000      0.311
    39.780    -84.200     -0.194
    39.800   -121.900     -0.100
    39.767    -75.667     -0.181
    39.750     66.900     -0.180
    39.700    118.150     -0.442
    39.600   -119.800     -0.731
    39.320    -84.540     -0.289
    39.340    -76.720     -0.203
    39.080    -94.680      0.227
    39.100    117.283      0.164
    39.100    125.700      0.037
    38.943    -77.086      0.023
    39.000    121.500      0.059
    38.900   -104.800      0.352
    38.900    115.450      0.287
    38.660   -121.400     -0.000
    38.689    -90.389      0.019
    38.800     -9.250      0.054
    38.600     68.700      0.064
    38.500     27.200      0.025
    38.300    -85.750      0.128
    38.300    140.800      0.282
    38.133    114.467      0.124
    38.067     23.667      0.062
    38.000   -122.400      0.304
    38.000   -122.100      0.093
    38.000   -121.300      0.056
    37.850    112.475      0.414
    37.750   -122.500     -0.316
    37.700   -121.000     -0.044
    37.700    -97.400      0.757
    37.630    126.890     -0.121
    37.600   -122.100      0.035
    37.600    -77.500     -0.212
    37.600     15.000      0.271
    37.600    121.300     -0.285
    37.500    112.000      0.259
    37.360   -121.980     -0.316
    37.300    127.000     -0.118
    37.100    -76.400     -0.057
    37.100    114.450     -0.331
    36.850   -119.800     -0.095
    36.880    -76.260     -0.352
    36.750    117.950      0.080
    36.800    137.000     -0.258
    36.700    101.700     -0.604
    36.700    114.500     -0.558
    36.700    116.950      0.560
    36.700    119.100      0.130
    36.600    136.600      0.116
    36.400     43.100      0.612
    36.400    120.350      0.323
    36.400    127.300      0.234
    36.333    139.211      0.049
    36.400    140.400      0.221
    36.200   -115.217      0.009
    36.300    137.900      0.110
    35.768    139.605      0.341
    36.150    -95.950      0.057
    36.200    -86.800      0.342
    36.200    120.400      0.012
    36.100    140.100     -0.439
    35.900    -78.700     -0.060
    35.900    128.500      0.257
    35.750     51.350      0.260
    35.700    138.500      0.427
    35.550    -97.600      0.363
    35.600    129.300     -0.159
    35.232    136.841      0.218
    35.400   -119.100      0.630
    35.300    -80.900     -0.432
    35.300    113.200     -0.047
    35.300    115.400      0.182
    35.150   -106.700      0.080
    35.133    -89.967     -0.067
    35.200     33.300     -0.678
    35.120    118.240     -0.124
    35.200    128.950     -0.086
    35.100    -79.000     -0.316
    34.780    135.500      0.265
    34.900    117.500      0.088
    34.800    -92.300      0.108
    34.800    113.600     -0.098
    34.800    134.900     -0.117
    34.800    137.300      0.342
    34.800    137.700     -0.134
    34.700    112.400      0.597
    34.700    133.900      0.341
    34.650    135.700      0.100
    34.600    133.700     -0.246
    34.500    132.400     -0.127
    34.350    108.825      0.136
    34.039   -118.045      0.185
    34.300    117.150     -0.077
    33.938    -84.377      0.079
    34.100    -81.000      0.110
    34.000    118.200     -0.277
    33.900    130.700      0.014
    33.900    132.700     -0.155
    33.800   -117.000      0.531
    33.800   -116.400     -0.936
    33.800    113.200      0.262
    33.518   -112.059      0.160
    33.700     73.000     -0.215
    33.600     -7.700      0.976
    33.600     36.300      0.467
    33.600    119.100      0.079
    33.600    130.350     -0.203
    33.600    133.500     -0.297
    33.500    -94.100      0.185
    33.367     44.333     -0.202
    33.400    120.100      0.419
    33.200   -117.250     -0.097
    32.926    -97.009     -0.155
    33.000    117.300     -0.199
    32.760   -117.100      0.155
    32.900     13.100     -0.007
    32.900    130.700      0.127
    32.700     51.600     -0.548
    32.500    -99.800      0.095
    32.500    -93.800      0.065
    32.400    -90.200     -0.015
    32.400    -86.300      0.143
    32.250   -111.000      0.057
    32.150     34.800     -0.728
    32.200    119.400      0.178
    32.100    112.100      0.315
    32.067    118.767      0.131
    32.000     35.900      0.085
    32.000    120.200      0.828
    31.933    120.433      0.266
    31.900     47.100     -0.239
    31.867    117.233      0.073
    31.407    120.870      0.003
    31.800   -106.450     -0.443
    31.700     -8.100     -0.947
    31.700    120.700     -0.358
    31.600    -97.200      0.488
    31.533     74.267      0.233
    31.500     73.000      0.553
    30.900    104.200      0.203
    30.717    103.983      0.075
    30.800    120.700      0.413
    30.667    114.300      0.030
    30.500    -91.200     -0.017
    30.500    -87.300      0.117
    30.279    120.293     -0.083
    30.350    -97.800      0.338
    30.367    -81.633     -0.113
    30.300    121.200      0.378
    30.150     31.250     -0.190
    29.805    -95.427      0.174
    30.100    121.100      0.093
    30.000    -90.150     -0.024
    29.967    121.533     -0.255
    29.633    106.467      0.053
    29.550    -98.550      0.163
    28.655     77.155     -0.340
    28.600    -81.429      0.082
    28.700    115.850      0.269
    28.050    -82.800     -0.015
    28.200    112.900     -0.507
    28.033    -82.467     -0.061
    28.100    -81.800      0.364
    28.100    -80.700      0.200
    27.900    113.100      0.474
    27.600    120.500     -0.076
    27.500    -82.600      0.509
    27.000     75.700      0.705
    26.700    -81.950      0.093
    26.212    -80.275     -0.060
    26.500     50.000      1.301
    26.500     80.300     -0.317
    26.300    127.700      0.072
    26.200    -81.800     -0.309
    26.100    119.250     -0.208
    25.750   -100.400      0.523
    25.500     81.800      0.253
    25.450    119.000      0.191
    25.300     55.300      1.306
    25.200     75.800     -0.545
    25.067    102.667      0.085
    25.050    121.200      0.067
    25.100    121.450      0.138
    24.933     67.033      1.221
    24.833    118.500     -0.232
    24.760     46.680     -0.762
    24.600    117.900      0.255
    24.250    120.600      0.109
    23.587    116.550     -0.019
    23.000    113.148      0.195
    23.300     77.400      0.089
    23.300    116.350     -0.190
    23.100     72.550     -0.173
    23.038    113.763      0.389
    23.100    120.200      0.018
    22.800     75.800     -0.170
    22.700     88.300      0.287
    22.800    113.800     -0.299
    22.700    114.025     -0.043
    22.800    114.300     -0.130
    22.700    110.100      0.027
    22.700    120.300     -0.086
    22.300    -97.900     -0.220
    22.200   -101.000     -0.344
    21.500     39.200      7.282
    21.400   -158.000      0.234
    21.200     72.800      0.073
    21.100    105.800      0.174
    20.900    106.600     -0.076
    20.700   -103.400      0.990
    19.700    -99.200     -0.066
    19.433    -99.183     -0.017
    19.200     72.800      0.058
    19.100    -98.300      0.484
    18.600    -72.300     -0.022
    18.600     73.800     -0.678
    17.450     78.450      0.119
    16.900     96.100      0.180
    15.667     32.467      0.047
    14.700    121.000      0.601
    13.833    100.483      0.170
    13.067     80.133      0.260
    13.000     77.550     -0.476
    12.700     -8.000      0.559
    12.400     -1.600     -0.368
    10.900    106.675      0.306
    10.700    -71.700     -0.825
    10.000    -84.150      0.476
     8.400    -62.700     -0.061
     7.400      3.850      0.832
     7.200      3.300      0.421
     6.750     -1.700      0.563
     6.643      3.314     -0.152
     6.400      5.600      0.093
     5.700     -0.200     -0.174
     5.600      5.700      0.205
     5.433     -4.067     -0.091
     5.400    100.400      0.378
     4.900      6.900      0.683
     4.700    -74.200      1.150
     4.100      9.700      0.116
     3.600     98.600      0.265
     3.111    101.589      0.041
     2.300    102.200      0.138
     1.475    103.800     -0.020
     1.600    110.300     -0.204
     0.400     32.500      0.209
    -0.900    -78.700     -0.030
    -1.300    -48.500      0.128
    -1.600    -78.700     -0.487
    -2.900    104.700     -0.272
    -3.000    -60.000     -0.001
    -3.700    -38.600      0.589
    -4.250     15.200      1.079
    -5.100    119.400      0.503
    -6.206    106.769      0.207
    -6.300    107.300     -0.114
    -6.800     39.200     -0.137
    -6.900    107.600     -0.117
    -7.100    -34.900      0.645
    -7.250    112.700      0.006
    -7.900    112.600     -0.276
    -8.000    -35.000      0.773
    -8.800     13.200      1.074
   -11.960    -77.060      0.054
   -12.200    -39.000      0.020
   -12.900    -38.500      0.374
   -15.800    -48.100     -0.159
   -16.650    -49.300     -0.126
   -17.800     31.000      0.215
   -19.700    -48.000      0.430
   -19.867    -44.100      0.265
   -20.300    -40.400      0.179
   -20.400    -54.700     -0.041
   -22.300    -47.000      0.481
   -22.700    -47.700     -0.027
   -22.700    -47.400     -0.152
   -22.820    -47.160      0.204
   -22.800    -43.375      0.120
   -22.800    -43.100     -0.043
   -22.900    -43.700     -0.299
   -23.400    -47.500     -0.085
   -23.500    -46.607      0.052
   -23.900    -46.400      0.097
   -24.900    -53.500      0.693
   -25.300    -57.600     -0.128
   -25.400    -49.300     -0.007
   -25.500     28.000      0.379
   -25.700     28.150      0.626
   -26.133     27.983      0.604
   -26.200     28.400     -0.035
   -27.460    152.980      0.082
   -27.900    153.300     -0.263
   -29.700    -51.200     -0.406
   -29.950    -51.200     -0.015
   -31.350    -64.250     -0.363
   -31.500    -68.550      0.084
   -31.700    -52.400     -0.189
   -31.920    115.840     -0.016
   -32.867    -68.867      0.792
   -32.900    151.600      0.156
   -33.000    -68.600      0.774
   -33.425    -70.700      0.693
   -33.763    150.925      0.070
   -33.933     18.533      0.802
   -33.900     25.500      0.076
   -34.100    -70.800     -1.032
   -34.573    -58.609      0.141
   -34.800    -56.250      0.189
   -34.875    138.525      0.368
   -36.900    174.800      0.858
   -37.780    145.030      0.378
   -38.500    -58.800     -0.435
   -38.700    -62.300      0.078
   -38.900    -68.100      0.400
